f(t)

T_MIN    0
T_MAX    3.3356409519815208e-009
NUM_T    2001
DELTA_T  1.6678204759907604e-012

0	0	0
1	1.6678204759907604e-012	0
2	3.3356409519815207e-012	0
3	5.0034614279722807e-012	0
4	6.6712819039630414e-012	0
5	8.3391023799538022e-012	0
6	1.0006922855944561e-011	0
7	1.1674743331935322e-011	0
8	1.3342563807926083e-011	0
9	1.5010384283916844e-011	0
10	1.6678204759907604e-011	0
11	1.8346025235898365e-011	3.4869160633486731e-005
12	2.0013845711889123e-011	0.00010625050022560685
13	2.1681666187879883e-011	0.0001571825500057677
14	2.3349486663870644e-011	0.00018544469391692047
15	2.5017307139861405e-011	0.00020055170510695881
16	2.6685127615852166e-011	0.00020038069377870246
17	2.8352948091842926e-011	0.00019485280699559917
18	3.0020768567833687e-011	0.00018147645634280368
19	3.1688589043824445e-011	0.00016160540846958828
20	3.3356409519815209e-011	0.00013721636191985607
21	3.5024229995805966e-011	0.00011647770683393527
22	3.669205047179673e-011	0.00010384095328162129
23	3.8359870947787488e-011	9.7038341574472362e-005
24	4.0027691423778245e-011	8.8521689976593955e-005
25	4.1695511899769009e-011	7.8371872096246847e-005
26	4.3363332375759767e-011	6.4506394837590041e-005
27	4.5031152851750531e-011	1.6767890442385933e-005
28	4.6698973327741288e-011	-5.7874795526565631e-005
29	4.8366793803732052e-011	-0.00012990567817185199
30	5.003461427972281e-011	-0.00020072042732196478
31	5.1702434755713574e-011	-0.00028241334505565166
32	5.3370255231704331e-011	-0.0003731557486500151
33	5.5038075707695089e-011	-0.0004571218870854137
34	5.6705896183685853e-011	-0.00053321343705963864
35	5.8373716659676617e-011	-0.00060734367721561463
36	6.0041537135667374e-011	-0.00067921764030198003
37	6.1709357611658132e-011	-0.00074635451567645202
38	6.3377178087648889e-011	-0.00080560970927274318
39	6.504499856363966e-011	-0.00085440867410906227
40	6.6712819039630417e-011	-0.00089175098927996303
41	6.8380639515621175e-011	-0.00091765919125500373
42	7.0048459991611932e-011	-0.000928864190771764
43	7.171628046760269e-011	-0.00092244107554173441
44	7.338410094359346e-011	-0.00089835875376207319
45	7.5051921419584218e-011	-0.00085916436779604009
46	7.6719741895574975e-011	-0.00080343624805613882
47	7.8387562371565733e-011	-0.00072951964103420757
48	8.005538284755649e-011	-0.00063593894983509508
49	8.1723203323547261e-011	-0.00052680515100715251
50	8.3391023799538018e-011	-0.0003993485629448343
51	8.5058844275528776e-011	-0.00023407471062477338
52	8.6726664751519533e-011	-3.1840099815202422e-005
53	8.8394485227510304e-011	0.00019223496668893943
54	9.0062305703501061e-011	0.00043314639110773363
55	9.1730126179491819e-011	0.00070887190007917831
56	9.3397946655482576e-011	0.001013735319610096
57	9.5065767131473334e-011	0.0013099242428566285
58	9.6733587607464104e-011	0.0015967640128290127
59	9.8401408083454862e-011	0.0018801687284046111
60	1.0006922855944562e-010	0.002156107004373917
61	1.0173704903543638e-010	0.002417640032547571
62	1.0340486951142715e-010	0.0026603068243933881
63	1.0507268998741791e-010	0.0028868078788736001
64	1.0674051046340866e-010	0.0030918861657994274
65	1.0840833093939942e-010	0.0032719337600895008
66	1.1007615141539018e-010	0.003415881012013967
67	1.1174397189138095e-010	0.0035200085669074965
68	1.1341179236737171e-010	0.0035759703501407787
69	1.1507961284336246e-010	0.0035823578508255632
70	1.1674743331935323e-010	0.0035303640966487856
71	1.1841525379534399e-010	0.0033632890341268795
72	1.2008307427133475e-010	0.0030846895595781874
73	1.2175089474732551e-010	0.0027477644331300724
74	1.2341871522331626e-010	0.002350859014040843
75	1.2508653569930702e-010	0.0018741289192720021
76	1.2675435617529778e-010	0.0013166367577869664
77	1.2842217665128854e-010	0.00068010898960441579
78	1.3008999712727932e-010	-3.0952075521025358e-005
79	1.3175781760327008e-010	-0.00080659466634396058
80	1.3342563807926083e-010	-0.0016397171254564297
81	1.3509345855525159e-010	-0.0025220955064892319
82	1.3676127903124235e-010	-0.003438735215530766
83	1.3842909950723311e-010	-0.0043727702045984413
84	1.4009691998322386e-010	-0.0053161795636297235
85	1.4176474045921462e-010	-0.0062566594632351251
86	1.4343256093520538e-010	-0.0071781447901279657
87	1.4510038141119616e-010	-0.0080640803543635987
88	1.4676820188718692e-010	-0.0088928586821809229
89	1.4843602236317768e-010	-0.0096503764969632748
90	1.5010384283916844e-010	-0.010316133069171805
91	1.5177166331515919e-010	-0.010862156538350844
92	1.5343948379114995e-010	-0.011266082904811467
93	1.5510730426714071e-010	-0.011535375196062177
94	1.5677512474313147e-010	-0.011646462618816734
95	1.5844294521912222e-010	-0.011524574003771524
96	1.6011076569511298e-010	-0.011160530316279445
97	1.6177858617110376e-010	-0.010570099453347474
98	1.6344640664709452e-010	-0.0097512312313206631
99	1.6511422712308528e-010	-0.0087093674797930256
100	1.6678204759907604e-010	-0.0074382939639100329
101	1.6844986807506679e-010	-0.0059330781011115649
102	1.7011768855105755e-010	-0.0041972914794666041
103	1.7178550902704831e-010	-0.0022425657071964782
104	1.7345332950303907e-010	-7.8313009821620128e-005
105	1.7512114997902982e-010	0.0022735273435077778
106	1.7678897045502061e-010	0.0047843434462324762
107	1.7845679093101137e-010	0.0074197288581175913
108	1.8012461140700212e-010	0.010147451968347512
109	1.8179243188299288e-010	0.012963297307516563
110	1.8346025235898364e-010	0.015820679209514889
111	1.851280728349744e-010	0.018636731931945247
112	1.8679589331096515e-010	0.021353466573721849
113	1.8846371378695591e-010	0.023930632195026794
114	1.9013153426294667e-010	0.026322990243896852
115	1.9179935473893745e-010	0.028464935149562429
116	1.9346717521492821e-010	0.030294423621250993
117	1.9513499569091897e-010	0.031759625041871346
118	1.9680281616690972e-010	0.032805726916705157
119	1.9847063664290048e-010	0.033382186084254896
120	2.0013845711889124e-010	0.033445973208374301
121	2.01806277594882e-010	0.032954961102684463
122	2.0347409807087275e-010	0.031874669609256327
123	2.0514191854686351e-010	0.030179214469586629
124	2.0680973902285429e-010	0.027851366782884086
125	2.0847755949884505e-010	0.024882647066311117
126	2.1014537997483581e-010	0.021266464633001789
127	2.1181320045082657e-010	0.017007835765321961
128	2.1348102092681733e-010	0.012125628574139461
129	2.1514884140280808e-010	0.0066593400665545411
130	2.1681666187879884e-010	0.00066023936416984507
131	2.184844823547896e-010	-0.005803432931982171
132	2.2015230283078036e-010	-0.01266080934414876
133	2.2182012330677114e-010	-0.019852150775154002
134	2.234879437827619e-010	-0.027275624626882995
135	2.2515576425875265e-010	-0.034804662645560869
136	2.2682358473474341e-010	-0.04231333093869788
137	2.2849140521073417e-010	-0.049689099142955238
138	2.3015922568672493e-010	-0.0568068645355118
139	2.3182704616271568e-010	-0.063497983919893475
140	2.3349486663870647e-010	-0.069618750443492639
141	2.3516268711469722e-010	-0.075041477776837076
142	2.3683050759068798e-010	-0.079627944771490183
143	2.3849832806667874e-010	-0.083242971240379299
144	2.401661485426695e-010	-0.085757592321804813
145	2.4183396901866025e-010	-0.087049555878406626
146	2.4350178949465101e-010	-0.08701089312389329
147	2.4516960997064177e-010	-0.085555935640878072
148	2.4683743044663253e-010	-0.08259735583070546
149	2.4850525092262328e-010	-0.078071991794544521
150	2.5017307139861404e-010	-0.071940681763493025
151	2.518408918746048e-010	-0.064194010008949157
152	2.5350871235059556e-010	-0.054857900332070456
153	2.5517653282658631e-010	-0.043944099381428181
154	2.5684435330257707e-010	-0.031522231754718757
155	2.5851217377856783e-010	-0.017742091812803121
156	2.6017999425455864e-010	-0.0027414616565481016
157	2.618478147305494e-010	0.01333479114654566
158	2.6351563520654015e-010	0.030292086877966827
159	2.6518345568253091e-010	0.047911040007727682
160	2.6685127615852167e-010	0.065945261386438123
161	2.6851909663451243e-010	0.084120783282901679
162	2.7018691711050318e-010	0.10215310261652906
163	2.7185473758649394e-010	0.11973985586941083
164	2.735225580624847e-010	0.13656185035835605
165	2.7519037853847546e-010	0.15228727356826566
166	2.7685819901446621e-010	0.16658787623560667
167	2.7852601949045697e-010	0.17914264929407017
168	2.8019383996644773e-010	0.18963310223669874
169	2.8186166044243849e-010	0.19774516533575964
170	2.8352948091842924e-010	0.20318895661688449
171	2.8519730139442e-010	0.20571557452812222
172	2.8686512187041076e-010	0.20509594852326629
173	2.8853294234640152e-010	0.20113571955136905
174	2.9020076282239233e-010	0.19368215966833935
175	2.9186858329838308e-010	0.18265326946316723
176	2.9353640377437384e-010	0.16801070549912978
177	2.952042242503646e-010	0.14972543143372855
178	2.9687204472635536e-010	0.12787582244730611
179	2.9853986520234611e-010	0.10262005397635474
180	3.0020768567833687e-010	0.074161495332540905
181	3.0187550615432763e-010	0.04278378775108465
182	3.0354332663031839e-010	0.0088218772123908069
183	3.0521114710630914e-010	-0.027344130591366356
184	3.068789675822999e-010	-0.065266671569523343
185	3.0854678805829066e-010	-0.10442972169344486
186	3.1021460853428142e-010	-0.14428071722092309
187	3.1188242901027217e-010	-0.18421476639624798
188	3.1355024948626293e-010	-0.22358904980546729
189	3.1521806996225369e-010	-0.26173718618277442
190	3.1688589043824445e-010	-0.29796543282597926
191	3.185537109142352e-010	-0.33159858990124358
192	3.2022153139022596e-010	-0.36193756850336545
193	3.2188935186621677e-010	-0.38826644061204152
194	3.2355717234220753e-010	-0.40993265448671723
195	3.2522499281819829e-010	-0.42633790585642634
196	3.2689281329418904e-010	-0.43692282455293924
197	3.285606337701798e-010	-0.44118730057999261
198	3.3022845424617056e-010	-0.43870714352468154
199	3.3189627472216132e-010	-0.42914984954645674
200	3.3356409519815207e-010	-0.41228363988462402
201	3.3523191567414283e-010	-0.38798039242795901
202	3.3689973615013359e-010	-0.35622179128811171
203	3.3856755662612435e-010	-0.31710199673057088
204	3.402353771021151e-010	-0.27084574994905797
205	3.4190319757810586e-010	-0.21780535105638632
206	3.4357101805409662e-010	-0.158465473012673
207	3.4523883853008738e-010	-0.09344557885092114
208	3.4690665900607813e-010	-0.023479460432633922
209	3.4857447948206889e-010	0.05057750390742663
210	3.5024229995805965e-010	0.12776365486587568
211	3.5191012043405046e-010	0.20701053469849465
212	3.5357794091004122e-010	0.28715867997527411
213	3.5524576138603197e-010	0.36697160508682003
214	3.5691358186202273e-010	0.44515890165219729
215	3.5858140233801349e-010	0.52041978168970804
216	3.6024922281400425e-010	0.5914050824645336
217	3.61917043289995e-010	0.65674712878932773
218	3.6358486376598576e-010	0.71511855732397245
219	3.6525268424197652e-010	0.76525576569603915
220	3.6692050471796728e-010	0.80595924438947442
221	3.6858832519395803e-010	0.83609545801004526
222	3.7025614566994879e-010	0.85467049036104004
223	3.7192396614593955e-010	0.86084270792040396
224	3.7359178662193031e-010	0.85392005694671269
225	3.7525960709792106e-010	0.83337909512717334
226	3.7692742757391182e-010	0.79888824444643847
227	3.7859524804990258e-010	0.75032933292838866
228	3.8026306852589334e-010	0.68779888519099641
229	3.8193088900188415e-010	0.61162619925087014
230	3.835987094778749e-010	0.52235897971928624
231	3.8526652995386566e-010	0.42077742366514614
232	3.8693435042985642e-010	0.30790954751108424
233	3.8860217090584718e-010	0.18502612497540499
234	3.9026999138183793e-010	0.053621635141973663
235	3.9193781185782869e-010	-0.084640736700103303
236	3.9360563233381945e-010	-0.22789689563212134
237	3.9527345280981021e-010	-0.37408358576169914
238	3.9694127328580096e-010	-0.521040679829472
239	3.9860909376179172e-010	-0.66652231349202895
240	4.0027691423778248e-010	-0.80817906050149513
241	4.0194473471377324e-010	-0.9436196225585014
242	4.0361255518976399e-010	-1.070448601438809
243	4.0528037566575475e-010	-1.1863010880798677
244	4.0694819614174551e-010	-1.2888933797657605
245	4.0861601661773627e-010	-1.3760521888895632
246	4.1028383709372702e-010	-1.4457590541124228
247	4.1195165756971783e-010	-1.4961887919512651
248	4.1361947804570859e-010	-1.5257457954384521
249	4.1528729852169935e-010	-1.533087905949241
250	4.1695511899769011e-010	-1.5171772613041656
251	4.1862293947368086e-010	-1.4773121630692903
252	4.2029075994967162e-010	-1.4131354581633082
253	4.2195858042566238e-010	-1.3246699724897797
254	4.2362640090165314e-010	-1.212306645536855
255	4.2529422137764389e-010	-1.07682244476046
256	4.2696204185363465e-010	-0.91939479021404535
257	4.2862986232962541e-010	-0.74161803793147651
258	4.3029768280561617e-010	-0.54546818273833364
259	4.3196550328160692e-010	-0.33324176535854022
260	4.3363332375759768e-010	-0.10762846673067089
261	4.3530114423358844e-010	0.12834407824460672
262	4.369689647095792e-010	0.37141877916777088
263	4.3863678518556995e-010	0.61810552572979105
264	4.4030460566156071e-010	0.86471564701002912
265	4.4197242613755147e-010	1.1074295844910838
266	4.4364024661354228e-010	1.3423439232595153
267	4.4530806708953303e-010	1.5655275533681876
268	4.4697588756552379e-010	1.7731066780305555
269	4.4864370804151455e-010	1.9613007920251615
270	4.5031152851750531e-010	2.1264928445919162
271	4.5197934899349606e-010	2.2653031170407543
272	4.5364716946948682e-010	2.3746340367400087
273	4.5531498994547758e-010	2.451762475351674
274	4.5698281042146834e-010	2.4943568285562709
275	4.5865063089745909e-010	2.5005218742214694
276	4.6031845137344985e-010	2.4689113941508225
277	4.6198627184944061e-010	2.3987414061718777
278	4.6365409232543137e-010	2.2897806782568253
279	4.6532191280142212e-010	2.1423888975331185
280	4.6698973327741293e-010	1.9575332693184064
281	4.6865755375340364e-010	1.7368076010304021
282	4.7032537422939445e-010	1.4824267553799177
283	4.7199319470538516e-010	1.1971875021323002
284	4.7366101518137596e-010	0.88446763353903879
285	4.7532883565736667e-010	0.54818663660694222
286	4.7699665613335748e-010	0.19274661449123615
287	4.7866447660934819e-010	-0.17701371524195342
288	4.8033229708533899e-010	-0.55586848792310239
289	4.820001175613297e-010	-0.93828170472711303
290	4.8366793803732051e-010	-1.318501808427643
291	4.8533575851331122e-010	-1.6906339860448754
292	4.8700357898930202e-010	-2.0487373729390841
293	4.8867139946529283e-010	-2.3868963972088206
294	4.9033921994128354e-010	-2.6993287295317447
295	4.9200704041727435e-010	-2.9804827811977264
296	4.9367486089326505e-010	-3.2251197982581159
297	4.9534268136925586e-010	-3.4284383123874411
298	4.9701050184524657e-010	-3.5861113476030493
299	4.9867832232123738e-010	-3.6943782141913437
300	5.0034614279722808e-010	-3.7501614468926037
301	5.0201396327321889e-010	-3.7511288295152352
302	5.036817837492096e-010	-3.6957297757637289
303	5.0534960422520041e-010	-3.583216471680748
304	5.0701742470119111e-010	-3.413720639701161
305	5.0868524517718192e-010	-3.1882692429330088
306	5.1035306565317263e-010	-2.9087639663341402
307	5.1202088612916344e-010	-2.5779774226537642
308	5.1368870660515414e-010	-2.1995610130421497
309	5.1535652708114495e-010	-1.778018077721524
310	5.1702434755713566e-010	-1.3186230185202898
311	5.1869216803312647e-010	-0.82737361029262613
312	5.2035998850911728e-010	-0.31090441631296672
313	5.2202780898510798e-010	0.22359630308569831
314	5.2369562946109879e-010	0.76846019477778094
315	5.253634499370895e-010	1.3156558029554142
316	5.2703127041308031e-010	1.8569115721413554
317	5.2869909088907101e-010	2.3838688383633548
318	5.3036691136506182e-010	2.888191702598871
319	5.3203473184105253e-010	3.3616590791325174
320	5.3370255231704334e-010	3.7963457012045843
321	5.3537037279303404e-010	4.1847545906941068
322	5.3703819326902485e-010	4.5198898511396939
323	5.3870601374501556e-010	4.7954135986274498
324	5.4037383422100637e-010	5.0057682524288598
325	5.4204165469699707e-010	5.1462614427601636
326	5.4370947517298788e-010	5.213167783604792
327	5.4537729564897859e-010	5.20380671498169
328	5.470451161249694e-010	5.1166153673710522
329	5.487129366009601e-010	4.9511878087215919
330	5.5038075707695091e-010	4.7083047315438167
331	5.5204857755294172e-010	4.3899316743470784
332	5.5371639802893243e-010	3.9992391600701644
333	5.5538421850492324e-010	3.540592348446078
334	5.5705203898091394e-010	3.0194775019254472
335	5.5871985945690475e-010	2.4424618609484336
336	5.6038767993289546e-010	1.8170885651575559
337	5.6205550040888627e-010	1.1517811600482193
338	5.6372332088487697e-010	0.45575785274430713
339	5.6539114136086778e-010	-0.26108858682162878
340	5.6705896183685849e-010	-0.98835663596541579
341	5.687267823128493e-010	-1.7153221755953383
342	5.7039460278884e-010	-2.4310229584543421
343	5.7206242326483081e-010	-3.1244322100789548
344	5.7373024374082152e-010	-3.7846892376562664
345	5.7539806421681233e-010	-4.4012453242645142
346	5.7706588469280303e-010	-4.9640159152143415
347	5.7873370516879384e-010	-5.4635508676065578
348	5.8040152564478465e-010	-5.891179427565568
349	5.8206934612077536e-010	-6.239151832213139
350	5.8373716659676617e-010	-6.5008110343752579
351	5.8540498707275687e-010	-6.6706987149188457
352	5.8707280754874768e-010	-6.7446513420935297
353	5.8874062802473839e-010	-6.7198918011485613
354	5.904084485007292e-010	-6.5950841808100238
355	5.920762689767199e-010	-6.3704129226264392
356	5.9374408945271071e-010	-6.0475757325980046
357	5.9541190992870142e-010	-5.6297610284900976
358	5.9707973040469223e-010	-5.1216814367855505
359	5.9874755088068293e-010	-4.5295135722994484
360	6.0041537135667374e-010	-3.8607841544459136
361	6.0208319183266445e-010	-3.1242990681742997
362	6.0375101230865526e-010	-2.3300274919868929
363	6.0541883278464596e-010	-1.4889637609062008
364	6.0708665326063677e-010	-0.6129830273164425
365	6.0875447373662748e-010	0.28533883721570918
366	6.1042229421261829e-010	1.1928899001367914
367	6.120901146886091e-010	2.0962211100995516
368	6.137579351645998e-010	2.9817570056117084
369	6.1542575564059061e-010	3.8360114143381097
370	6.1709357611658132e-010	4.6457745829512671
371	6.1876139659257213e-010	5.3983079724236198
372	6.2042921706856283e-010	6.0815731914596824
373	6.2209703754455364e-010	6.684404989598864
374	6.2376485802054435e-010	7.1967090271358884
375	6.2543267849653516e-010	7.6096251099736412
376	6.2710049897252586e-010	7.9156746892008041
377	6.2876831944851667e-010	8.1088903202838445
378	6.3043613992450738e-010	8.1849245878382018
379	6.3210396040049819e-010	8.1411722723758988
380	6.3377178087648889e-010	7.9767744257167283
381	6.354396013524797e-010	7.6926619424612479
382	6.3710742182847041e-010	7.2916064517217851
383	6.3877524230446122e-010	6.7781862616457813
384	6.4044306278045192e-010	6.1587250677445873
385	6.4211088325644273e-010	5.4411951846018267
386	6.4377870373243354e-010	4.6351457619373946
387	6.4544652420842425e-010	3.7515724617471977
388	6.4711434468441506e-010	2.8027460905290358
389	6.4878216516040576e-010	1.8020460856777225
390	6.5044998563639657e-010	0.7637891317133727
391	6.5211780611238728e-010	-0.29697406099139895
392	6.5378562658837809e-010	-1.3647093197063802
393	6.5545344706436879e-010	-2.4236127352771346
394	6.571212675403596e-010	-3.4578476675766208
395	6.5878908801635031e-010	-4.4517958082182254
396	6.6045690849234112e-010	-5.3902723515984672
397	6.6212472896833182e-010	-6.2587614452896183
398	6.6379254944432263e-010	-7.0436651291053067
399	6.6546036992031334e-010	-7.732526618860768
400	6.6712819039630415e-010	-8.3142076591832286
401	6.6879601087229485e-010	-8.7790468334485734
402	6.7046383134828566e-010	-9.1190634384739475
403	6.7213165182427647e-010	-9.3280985258665083
404	6.7379947230026718e-010	-9.401863344215549
405	6.7546729277625799e-010	-9.3380562558734201
406	6.7713511325224869e-010	-9.1364263562799053
407	6.788029337282395e-010	-8.7987748459535737
408	6.8047075420423021e-010	-8.3289601056393412
409	6.8213857468022102e-010	-7.7328447127806292
410	6.8380639515621172e-010	-7.0182250285375734
411	6.8547421563220253e-010	-6.1947286049544399
412	6.8714203610819324e-010	-5.2736904158403783
413	6.8880985658418405e-010	-4.2679769410538864
414	6.9047767706017475e-010	-3.1918268560067409
415	6.9214549753616556e-010	-2.060660270733905
416	6.9381331801215627e-010	-0.89080995158664811
417	6.9548113848814708e-010	0.30068905432557569
418	6.9714895896413778e-010	1.4963617969860545
419	6.9881677944012859e-010	2.6785592140233838
420	7.004845999161193e-010	3.8296984495721138
421	7.0215242039211011e-010	4.9325242312535753
422	7.0382024086810092e-010	5.9703889911478534
423	7.0548806134409162e-010	6.9275404991647846
424	7.0715588182008243e-010	7.7892948256628056
425	7.0882370229607314e-010	8.5422672711000018
426	7.1049152277206395e-010	9.1746544560811429
427	7.1215934324805465e-010	9.6763844544878737
428	7.1382716372404546e-010	10.039243410733203
429	7.1549498420003617e-010	10.257038187872176
430	7.1716280467602698e-010	10.325699325873469
431	7.1883062515201768e-010	10.243337890069972
432	7.2049844562800849e-010	10.010315926418375
433	7.221662661039992e-010	9.6292304004115117
434	7.2383408657999001e-010	9.1048785444960245
435	7.2550190705598071e-010	8.4442234884933693
436	7.2716972753197152e-010	7.6562840405047101
437	7.2883754800796223e-010	6.7520265513890001
438	7.3050536848395304e-010	5.7442020070985889
439	7.3217318895994385e-010	4.6471421884395347
440	7.3384100943593455e-010	3.4766026108419794
441	7.3550882991192536e-010	2.2495170091036361
442	7.3717665038791607e-010	0.98369200276358482
443	7.3884447086390688e-010	-0.30240428433048006
444	7.4051229133989758e-010	-1.5899137620539969
445	7.4218011181588839e-010	-2.8598810115855975
446	7.438479322918791e-010	-4.0935080791109142
447	7.4551575276786991e-010	-5.2724690604039335
448	7.4718357324386061e-010	-6.3791752367518555
449	7.4885139371985142e-010	-7.39702332941566
450	7.5051921419584213e-010	-8.3106560499101132
451	7.5218703467183294e-010	-9.1062126396632621
452	7.5385485514782364e-010	-9.7715230937021929
453	7.5552267562381445e-010	-10.296281045205141
454	7.5719049609980516e-010	-10.672239813114079
455	7.5885831657579597e-010	-10.893328396486254
456	7.6052613705178667e-010	-10.955742560298443
457	7.6219395752777748e-010	-10.857995530544947
458	7.6386177800376829e-010	-10.600967579382733
459	7.65529598479759e-010	-10.187906091638824
460	7.6719741895574981e-010	-9.6243584693739734
461	7.6886523943174051e-010	-8.9181360999984474
462	7.7053305990773132e-010	-8.0791688404724926
463	7.7220088038372203e-010	-7.1193583602659061
464	7.7386870085971284e-010	-6.0524516652198779
465	7.7553652133570354e-010	-4.8938310486752066
466	7.7720434181169435e-010	-3.6602689460681557
467	7.7887216228768506e-010	-2.3696693276885821
468	7.8053998276367587e-010	-1.0408272613773222
469	7.8220780323966657e-010	0.30684342522483027
470	7.8387562371565738e-010	1.6535982129456608
471	7.8554344419164809e-010	2.9796619709542282
472	7.872112646676389e-010	4.2655113976450245
473	7.888790851436296e-010	5.4921514709490449
474	7.9054690561962041e-010	6.6414319074645043
475	7.9221472609561112e-010	7.6963033547465534
476	7.9388254657160193e-010	8.6410529258037521
477	7.9555036704759274e-010	9.4615554603461192
478	7.9721818752358344e-010	10.145483865035782
479	7.9888600799957425e-010	10.682496765393209
480	8.0055382847556496e-010	11.064404367103577
481	8.0222164895155577e-010	11.285290578111333
482	8.0388946942754647e-010	11.341605307637847
483	8.0555728990353728e-010	11.232197328632083
484	8.0722511037952799e-010	10.958346497391517
485	8.088929308555188e-010	10.52377171922419
486	8.105607513315095e-010	9.9345431240145849
487	8.1222857180750031e-010	9.1990209120980531
488	8.1389639228349102e-010	8.3277365034493567
489	8.1556421275948183e-010	7.3332286577296033
490	8.1723203323547253e-010	6.2298747633997351
491	8.1889985371146334e-010	5.0336687711733665
492	8.2056767418745405e-010	3.7620038000326828
493	8.2223549466344486e-010	2.4334032426654639
494	8.2390331513943566e-010	1.0672514433648053
495	8.2557113561542637e-010	-0.31649664005645811
496	8.2723895609141718e-010	-1.6975875841484296
497	8.2890677656740789e-010	-3.0557542276530949
498	8.3057459704339869e-010	-4.3710762015901672
499	8.322424175193894e-010	-5.6242436390596495
500	8.3391023799538021e-010	-6.7968244166049789
501	8.3557805847137092e-010	-7.8715396358825176
502	8.3724587894736173e-010	-8.832514905929731
503	8.3891369942335243e-010	-9.6655314024047225
504	8.4058151989934324e-010	-10.358237002643161
505	8.4224934037533395e-010	-10.900348886077236
506	8.4391716085132476e-010	-11.283765067963873
507	8.4558498132731546e-010	-11.502684302154318
508	8.4725280180330627e-010	-11.553745978013234
509	8.4892062227929698e-010	-11.43605359732766
510	8.5058844275528779e-010	-11.15116230621835
511	8.5225626323127849e-010	-10.703076519471095
512	8.539240837072693e-010	-10.098194213859966
513	8.5559190418326011e-010	-9.3452176376740432
514	8.5725972465925082e-010	-8.4550430993479093
515	8.5892754513524162e-010	-7.4405756239545155
516	8.6059536561123233e-010	-6.3165522291883995
517	8.6226318608722314e-010	-5.0993444671444701
518	8.6393100656321385e-010	-3.8066887818822304
519	8.6559882703920465e-010	-2.457443163433692
520	8.6726664751519536e-010	-1.0713195804949782
521	8.6893446799118617e-010	0.33143637591290986
522	8.7060228846717688e-010	1.7303093167978914
523	8.7227010894316768e-010	3.1048112978958606
524	8.7393792941915839e-010	4.4348403313502436
525	8.756057498951492e-010	5.7009253452202397
526	8.7727357037113991e-010	6.8845101097688151
527	8.7894139084713071e-010	7.9682518153275641
528	8.8060921132312142e-010	8.9362283345808464
529	8.8227703179911223e-010	9.7742042885356106
530	8.8394485227510294e-010	10.469857275424497
531	8.8561267275109375e-010	11.012937913043082
532	8.8728049322708455e-010	11.395424204483451
533	8.8894831370307526e-010	11.611657343961699
534	8.9061613417906607e-010	11.658399864294104
535	8.9228395465505678e-010	11.53487059223424
536	8.9395177513104758e-010	11.242800264859858
537	8.9561959560703829e-010	10.786394363683826
538	8.972874160830291e-010	10.172259478471972
539	8.9895523655901981e-010	9.4092933764824007
540	9.0062305703501061e-010	8.5085857205962867
541	9.0229087751100132e-010	7.4832655599237849
542	9.0395869798699213e-010	6.348265595677189
543	9.0562651846298284e-010	5.1201432375725133
544	9.0729433893897364e-010	3.8168206865528127
545	9.0896215941496435e-010	2.4573095402837937
546	9.1062997989095516e-010	1.0614692830841066
547	9.1229780036694587e-010	-0.35029198231885389
548	9.1396562084293667e-010	-1.7573392044447447
549	9.1563344131892748e-010	-3.1391258166552523
550	9.1730126179491819e-010	-4.4754699620416503
551	9.18969082270909e-010	-5.7468376653451454
552	9.206369027468997e-010	-6.9346282450417682
553	9.2230472322289051e-010	-8.0214610076168054
554	9.2397254369888122e-010	-8.9914232697116532
555	9.2564036417487203e-010	-9.830290845587232
556	9.2730818465086273e-010	-10.525782804537094
557	9.2897600512685354e-010	-11.067727810698987
558	9.3064382560284425e-010	-11.448162373302896
559	9.3231164607883506e-010	-11.661479531245131
560	9.3397946655482587e-010	-11.704530265237459
561	9.3564728703081647e-010	-11.576651466993251
562	9.3731510750680728e-010	-11.279688160048273
563	9.3898292798279809e-010	-10.817954402309853
564	9.406507484587889e-010	-10.198177269133058
565	9.423185689347795e-010	-9.4293850096057703
566	9.4398638941077031e-010	-8.5227722656545311
567	9.4565420988676112e-010	-7.4915714270597196
568	9.4732203036275193e-010	-6.3508147737192058
569	9.4898985083874274e-010	-5.1171423825484945
570	9.5065767131473334e-010	-3.8085773110109242
571	9.5232549179072415e-010	-2.4442289973015763
572	9.5399331226671496e-010	-1.0440174092399306
573	9.5566113274270577e-010	0.37162203498433183
574	9.5732895321869637e-010	1.7820114855249325
575	9.5899677369468718e-010	3.1665434160820851
576	9.6066459417067799e-010	4.5049881308221842
577	9.623324146466688e-010	5.7778033408243088
578	9.640002351226594e-010	6.9663932985794119
579	9.6566805559865021e-010	8.0533542538732092
580	9.6733587607464102e-010	9.0228084069317411
581	9.6900369655063183e-010	9.8606084831323209
582	9.7067151702662243e-010	10.554504593643365
583	9.7233933750261324e-010	11.094345097471368
584	9.7400715797860405e-010	11.472224668415022
585	9.7567497845459486e-010	11.682606316495662
586	9.7734279893058567e-010	11.722404997616824
587	9.7901061940657627e-010	11.591043690535507
588	9.8067843988256708e-010	11.290431367758995
589	9.8234626035855789e-010	10.82492910200973
590	9.840140808345487e-010	10.201335842909391
591	9.856819013105393e-010	9.4287713572399365
592	9.8734972178653011e-010	8.5184944699180711
593	9.8901754226252092e-010	7.4837718147531493
594	9.9068536273851173e-010	6.3397082636384789
595	9.9235318321450233e-010	5.1030049054648403
596	9.9402100369049314e-010	3.7917226842306126
597	9.9568882416648395e-010	2.42499997427739
598	9.9735664464247476e-010	1.0227867087050135
599	9.9902446511846536e-010	-0.39441614092598493
600	1.0006922855944562e-009	-1.8059032163096689
601	1.002360106070447e-009	-3.1910778940763391
602	1.0040279265464378e-009	-4.5297067209700828
603	1.0056957470224284e-009	-5.8022394321278297
604	1.0073635674984192e-009	-6.9900948306591193
605	1.00903138797441e-009	-8.0759072724047289
606	1.0106992084504008e-009	-9.043835450479925
607	1.0123670289263916e-009	-9.8797557610817481
608	1.0140348494023822e-009	-10.571449152138996
609	1.015702669878373e-009	-11.108817313446668
610	1.0173704903543638e-009	-11.483998366711059
611	1.0190383108303547e-009	-11.69150352096646
612	1.0207061313063453e-009	-11.7283054649604
613	1.0223739517823361e-009	-11.593857150417319
614	1.0240417722583269e-009	-11.290111043743826
615	1.0257095927343177e-009	-10.821518078440807
616	1.0273774132103083e-009	-10.19492057543901
617	1.0290452336862991e-009	-9.4194337912792889
618	1.0307130541622899e-009	-8.5063824478290186
619	1.0323808746382807e-009	-7.469114864221889
620	1.0340486951142713e-009	-6.3227780397531426
621	1.0357165155902621e-009	-5.0840915682868868
622	1.0373843360662529e-009	-3.7711362335768577
623	1.0390521565422437e-009	-2.4031075120706364
624	1.0407199770182346e-009	-0.99997793112186828
625	1.0423877974942252e-009	0.41776681648493613
626	1.044055617970216e-009	1.8294240732093612
627	1.0457234384462068e-009	3.2143966467074936
628	1.0473912589221976e-009	4.5524582205607906
629	1.0490590793981882e-009	5.8240520713556974
630	1.050726899874179e-009	7.010609240879055
631	1.0523947203501698e-009	8.0948223084728035
632	1.0540625408261606e-009	9.0608691209491177
633	1.0557303613021512e-009	9.8946367941628424
634	1.057398181778142e-009	10.583939611644562
635	1.0590660022541328e-009	11.118714699840574
636	1.0607338227301236e-009	11.491154764354206
637	1.0624016432061142e-009	11.695802940510232
638	1.0640694636821051e-009	11.729666969100048
639	1.0657372841580959e-009	11.592272889664802
640	1.0674051046340867e-009	11.285619381564565
641	1.0690729251100775e-009	10.8141645589278
642	1.0707407455860681e-009	10.18479953421109
643	1.0724085660620589e-009	9.4067152954088993
644	1.0740763865380497e-009	8.4912790160212328
645	1.0757442070140405e-009	7.4518633431235237
646	1.0774120274900311e-009	6.3036523084443772
647	1.0790798479660219e-009	5.0634141359913647
648	1.0807476684420127e-009	3.7492368173814445
649	1.0824154889180035e-009	2.3803090632875623
650	1.0840833093939941e-009	0.97661814800886337
651	1.085751129869985e-009	-0.4413430230741433
652	1.0874189503459758e-009	-1.8528662764064885
653	1.0890867708219666e-009	-3.2373457055702843
654	1.0907545912979572e-009	-4.5745681846506816
655	1.092422411773948e-009	-5.8450142470150839
656	1.0940902322499388e-009	-7.0301201943674769
657	1.0957580527259296e-009	-8.1125700513841963
658	1.0974258732019202e-009	-9.0765633219732926
659	1.099093693677911e-009	-9.90803962459273
660	1.1007615141539018e-009	-10.59485796637022
661	1.1024293346298926e-009	-11.126961093155259
662	1.1040971551058834e-009	-11.496590247341356
663	1.105764975581874e-009	-11.698373417634773
664	1.1074327960578649e-009	-11.729361432749547
665	1.1091006165338557e-009	-11.589088688209415
666	1.1107684370098465e-009	-11.279592688257404
667	1.1124362574858371e-009	-10.805390747207163
668	1.1141040779618279e-009	-10.173413923875035
669	1.1157718984378187e-009	-9.3929073629061204
670	1.1174397189138095e-009	-8.4752648447161292
671	1.1191075393898001e-009	-7.4338689795145445
672	1.1207753598657909e-009	-6.2839295030372586
673	1.1224431803417817e-009	-5.0422463009928755
674	1.1241110008177725e-009	-3.7269413728759173
675	1.1257788212937631e-009	-2.3572115284476238
676	1.1274466417697539e-009	-0.95305493964244148
677	1.1291144622457448e-009	0.46502943289006821
678	1.1307822827217356e-009	1.8763314387442154
679	1.1324501031977264e-009	3.2602479912592672
680	1.134117923673717e-009	4.5965755148531775
681	1.1357857441497078e-009	5.865778487934886
682	1.1374535646256986e-009	7.0493092991487138
683	1.1391213851016894e-009	8.1299053748627745
684	1.14078920557768e-009	9.0917888548722701
685	1.1424570260536708e-009	9.9209123033927806
686	1.1441248465296616e-009	10.605186710254291
687	1.1457926670056524e-009	11.134614636967871
688	1.147460487481643e-009	11.50147833182837
689	1.1491283079576338e-009	11.700427975547754
690	1.1507961284336247e-009	11.728542681492161
691	1.1524639489096155e-009	11.585416139361463
692	1.1541317693856061e-009	11.273129574868879
693	1.1557995898615969e-009	10.796236921796513
694	1.1574674103375877e-009	10.161706611912745
695	1.1591352308135785e-009	9.3787987341947119
696	1.1608030512895693e-009	8.4589368589707483
697	1.1624708717655599e-009	7.4155698196028617
698	1.1641386922415507e-009	6.2639425458960361
699	1.1658065127175415e-009	5.0208422818815492
700	1.1674743331935323e-009	3.7044229261203929
701	1.1691421536695229e-009	2.3339235009314092
702	1.1708099741455137e-009	0.92935477544260725
703	1.1724777946215046e-009	-0.48878687488307254
704	1.1741456150974954e-009	-1.8998040063568669
705	1.175813435573486e-009	-3.283079458642514
706	1.1774812560494768e-009	-4.6184155353151297
707	1.1791490765254676e-009	-5.8863160178327725
708	1.1808168970014584e-009	-7.0682601948915762
709	1.182484717477449e-009	-8.1470005008130677
710	1.1841525379534398e-009	-9.1067899134281802
711	1.1858203584294306e-009	-9.9336015734639211
712	1.1874881789054214e-009	-10.615368039010715
713	1.189155999381412e-009	-11.142152799247878
714	1.1908238198574028e-009	-11.506271701563747
715	1.1924916403333936e-009	-11.702402936870612
716	1.1941594608093845e-009	-11.727662880858341
717	1.1958272812853753e-009	-11.581674576274331
718	1.1974951017613659e-009	-11.266574294500048
719	1.1991629222373567e-009	-10.786958034909416
720	1.2008307427133475e-009	-10.149832605843569
721	1.2024985631893383e-009	-9.3645210662123901
722	1.2041663836653289e-009	-8.4424759340993099
723	1.2058342041413197e-009	-7.3971377552558266
724	1.2075020246173105e-009	-6.2437927428393678
725	1.2091698450933013e-009	-4.9992939100581832
726	1.2108376655692919e-009	-3.6818161670113718
727	1.2125054860452827e-009	-2.3105963428450846
728	1.2141733065212735e-009	-0.90564929295433272
729	1.2158411269972644e-009	0.51251258763475027
730	1.217508947473255e-009	1.9232023833935743
731	1.2191767679492458e-009	3.3058302308988319
732	1.2208445884252366e-009	4.6402067797631084
733	1.2225124089012274e-009	5.9068362376452734
734	1.2241802293772182e-009	7.0872064232695795
735	1.2258480498532088e-009	8.1640860162692643
736	1.2275158703291996e-009	9.1217648897098371
737	1.2291836908051904e-009	9.9462727384035148
738	1.2308515112811812e-009	10.625556650024999
739	1.2325193317571718e-009	11.149682234913266
740	1.2341871522331626e-009	11.510995020499763
741	1.2358549727091534e-009	11.704239525934039
742	1.2375227931851443e-009	11.726607981479173
743	1.2391906136611349e-009	11.577743538511093
744	1.2408584341371257e-009	11.25982463771162
745	1.2425262546131165e-009	10.777522521689878
746	1.2441940750891073e-009	10.137866991477544
747	1.2458618955650979e-009	9.3501726864809953
748	1.2475297160410887e-009	8.4259381540425977
749	1.2491975365170795e-009	7.3786677906851068
750	1.2508653569930703e-009	6.2236674359901674
751	1.2525331774690611e-009	4.9778222076450547
752	1.2542009979450517e-009	3.6593153911611909
753	1.2558688184210425e-009	2.287372249218361
754	1.2575366388970333e-009	0.88202242622632432
755	1.2592044593730242e-009	-0.53620841880169301
756	1.2608722798490148e-009	-1.9466248460464286
757	1.2625401003250056e-009	-3.3286349474128376
758	1.2642079208009964e-009	-4.6620480313698547
759	1.2658757412769872e-009	-5.9273874696765452
760	1.2675435617529778e-009	-7.1061746234643852
761	1.2692113822289686e-009	-8.1812057840133434
762	1.2708792027049594e-009	-9.136783246257199
763	1.2725470231809502e-009	-9.9589333821068884
764	1.2742148436569408e-009	-10.635641868565624
765	1.2758826641329316e-009	-11.157061288142852
766	1.2775504846089224e-009	-11.515591794741283
767	1.2792183050849132e-009	-11.705981442922397
768	1.2808861255609038e-009	-11.725459995351544
769	1.2825539460368947e-009	-11.573743784386178
770	1.2842217665128855e-009	-11.253057130593962
771	1.2858895869888763e-009	-10.768078646434244
772	1.2875574074648671e-009	-10.12586223829198
773	1.2892252279408577e-009	-9.3357902546405676
774	1.2908930484168485e-009	-8.4093991513417468
775	1.2925608688928393e-009	-7.3602149441596438
776	1.2942286893688301e-009	-6.2035678713560705
777	1.2958965098448207e-009	-4.9563428329823811
778	1.2975643303208115e-009	-3.6367412222161328
779	1.2992321507968023e-009	-2.2640483629366974
780	1.3008999712727931e-009	-0.85831437490361717
781	1.3025677917487837e-009	0.55997411448871026
782	1.3042356122247746e-009	1.9701054102486573
783	1.3059034327007654e-009	3.3514543550570037
784	1.3075712531767562e-009	4.6838510311769834
785	1.3092390736527468e-009	5.9478646367440273
786	1.3109068941287376e-009	7.1250458369662972
787	1.3125747146047284e-009	8.1981854753352064
788	1.3142425350807192e-009	9.1516138994972795
789	1.31591035555671e-009	9.9714194838759482
790	1.3175781760327006e-009	10.645628063073476
791	1.3192459965086914e-009	11.164401125728904
792	1.3209138169846822e-009	11.520171093830371
793	1.322581637460673e-009	11.707736593423576
794	1.3242494579366636e-009	11.724361480476684
795	1.3259172784126545e-009	11.569810447322197
796	1.3275850988886453e-009	11.246337051581612
797	1.3292529193646361e-009	10.758655690217203
798	1.3309207398406267e-009	10.113876102473384
799	1.3325885603166175e-009	9.3214132319551695
800	1.3342563807926083e-009	8.3928358619314416
801	1.3359242012685991e-009	7.3416945682367079
802	1.3375920217445897e-009	6.1833490682502337
803	1.3392598422205805e-009	4.9347452556765585
804	1.3409276626965713e-009	3.6141089789543033
805	1.3425954831725621e-009	2.2406889893538957
806	1.3442633036485529e-009	0.83454891924121144
807	1.3459311241245435e-009	-0.5837644815015931
808	1.3475989446005344e-009	-1.993537320926321
809	1.3492667650765252e-009	-3.3741953748475266
810	1.350934585552516e-009	-4.7055945692943961
811	1.3526024060285066e-009	-5.968288709393037
812	1.3542702265044974e-009	-7.1438525641545638
813	1.3559380469804882e-009	-8.2151257086032263
814	1.357605867456479e-009	-9.1664569555436515
815	1.3592736879324696e-009	-9.9839435631256315
816	1.3609415084084604e-009	-10.655639401166111
817	1.3626093288844512e-009	-11.171744273719167
818	1.364277149360442e-009	-11.524732589274791
819	1.3659449698364326e-009	-11.709462067539185
820	1.3676127903124234e-009	-11.723224909348728
821	1.3692806107884143e-009	-11.565804835476703
822	1.3709484312644051e-009	-11.239501987337498
823	1.3726162517403959e-009	-10.749095798998841
824	1.3742840722163865e-009	-10.101751588616168
825	1.3759518926923773e-009	-9.3068946508582577
826	1.3776197131683681e-009	-8.3761355463159379
827	1.3792875336443589e-009	-7.3230978383420773
828	1.3809553541203495e-009	-6.1631542723639825
829	1.3826231745963403e-009	-4.9132152046004798
830	1.3842909950723311e-009	-3.5915268922694059
831	1.3859588155483219e-009	-2.2173969547325454
832	1.3876266360243125e-009	-0.81089512512619044
833	1.3892944565003033e-009	0.60743690920342108
834	1.3909622769762942e-009	2.0168941216049463
835	1.392630097452285e-009	3.3969091708383727
836	1.3942979179282756e-009	4.7273369630827222
837	1.3959657384042664e-009	5.9887478581957154
838	1.3976335588802572e-009	7.1627300499110804
839	1.399301379356248e-009	8.2321373709426879
840	1.4009691998322386e-009	9.1813386921372491
841	1.4026370203082294e-009	9.9964671110703591
842	1.4043048407842202e-009	10.665622278747197
843	1.405972661260211e-009	11.179047774842754
844	1.4076404817362018e-009	11.529253030284645
845	1.4093083022121924e-009	11.711113460578229
846	1.4109761226881832e-009	11.721960575759166
847	1.4126439431641741e-009	11.561659499445469
848	1.4143117636401649e-009	11.232566020003489
849	1.4159795841161555e-009	10.739466419955319
850	1.4176474045921463e-009	10.08956945179516
851	1.4193152250681371e-009	9.2923642160587256
852	1.4209830455441279e-009	8.3594861135469056
853	1.4226508660201185e-009	7.30455202120325
854	1.4243186864961093e-009	6.1429505813899805
855	1.4259865069721001e-009	4.8916539573288844
856	1.4276543274480909e-009	3.5689342159761015
857	1.4293221479240815e-009	2.1940946109165509
858	1.4309899684000723e-009	0.78721383622545549
859	1.4326577888760631e-009	-0.63115978591461308
860	1.434325609352054e-009	-2.0403242074899479
861	1.4359934298280448e-009	-3.4196910622442784
862	1.4376612503040354e-009	-4.7491080841250275
863	1.4393290707800262e-009	-6.0092009695907924
864	1.440996891256017e-009	-7.1815673477646413
865	1.4426647117320078e-009	-8.2490524064796507
866	1.4443325322079984e-009	-9.1960740679620727
867	1.4460003526839892e-009	-10.00883001402881
868	1.44766817315998e-009	-10.675464406973131
869	1.4493359936359708e-009	-11.186229385235828
870	1.4510038141119614e-009	-11.533657079153615
871	1.4526716345879522e-009	-11.712677206980135
872	1.454339455063943e-009	-11.720675658117703
873	1.4560072755399339e-009	-11.557547675246157
874	1.4576750960159245e-009	-11.225685494438979
875	1.4593429164919153e-009	-10.729918125191348
876	1.4610107369679061e-009	-10.077476545567563
877	1.4626785574438969e-009	-9.2778902318313996
878	1.4643463779198877e-009	-8.3428346854923809
879	1.4660141983958783e-009	-7.2859654455425851
880	1.4676820188718691e-009	-6.1227066426820409
881	1.4693498393478599e-009	-4.8700423084238942
882	1.4710176598238507e-009	-3.546268044496292
883	1.4726854802998413e-009	-2.1707094011664636
884	1.4743533007758321e-009	-0.76344778693689386
885	1.4760211212518229e-009	0.65494418585371039
886	1.4776889417278138e-009	2.0637520164752083
887	1.4793567622038044e-009	3.4424375499005051
888	1.4810245826797952e-009	4.7708567188820332
889	1.482692403155786e-009	6.0296015122461313
890	1.4843602236317768e-009	7.2003022250371664
891	1.4860280441077674e-009	8.2658727668193244
892	1.4876958645837582e-009	9.2107660321023541
893	1.489363685059749e-009	10.02118069800208
894	1.4910315055357398e-009	10.68529237525588
895	1.4926993260117304e-009	11.193403135556331
896	1.4943671464877212e-009	11.538075612112291
897	1.496034966963712e-009	11.714266984977813
898	1.4977027874397028e-009	11.719401538057941
899	1.4993706079156937e-009	11.553413289306032
900	1.5010384283916843e-009	11.218737801136232
901	1.5027062488676751e-009	10.72026920158407
902	1.5043740693436659e-009	10.065271673957806
903	1.5060418898196567e-009	9.2632952670331541
904	1.5077097102956473e-009	8.3260566623438379
905	1.5093775307716381e-009	7.2672626346368023
906	1.5110453512476289e-009	6.102381485615112
907	1.5127131717236197e-009	4.8483925185663885
908	1.5143809921996103e-009	3.5235973824966829
909	1.5160488126756011e-009	2.1473650944898814
910	1.5177166331515919e-009	0.73978749955177925
911	1.5193844536275827e-009	-0.67860361710940076
912	1.5210522741035733e-009	-2.0870906596545726
913	1.5227200945795642e-009	-3.4650984964902549
914	1.524387915055555e-009	-4.7925092730386005
915	1.5260557355315458e-009	-6.0499416526070799
916	1.5277235560075366e-009	-7.2190403396070488
917	1.5293913764835272e-009	-8.2827438656627468
918	1.531059196959518e-009	-9.2255215291194723
919	1.5327270174355088e-009	-10.033597126458513
920	1.5343948379114996e-009	-10.695175611599831
921	1.5360626583874902e-009	-11.200596871831243
922	1.537730478863481e-009	-11.542465871969796
923	1.5393982993394718e-009	-11.715782582091354
924	1.5410661198154626e-009	-11.718025174655249
925	1.5427339402914532e-009	-11.549179597429326
926	1.5444017607674441e-009	-11.211709334865168
927	1.5460695812434349e-009	-10.710531819556632
928	1.5477374017194257e-009	-10.052956595347311
929	1.5494052221954163e-009	-9.2486074059314909
930	1.5510730426714071e-009	-8.3092476979721965
931	1.5527408631473979e-009	-7.2485697193296001
932	1.5544086836233887e-009	-6.0820622840168532
933	1.5560765040993795e-009	-4.8267574222330465
934	1.5577443245753701e-009	-3.5009734114321018
935	1.5594121450513609e-009	-2.1240592457461784
936	1.5610799655273517e-009	-0.71610832747079622
937	1.5627477860033425e-009	0.70230234539698477
938	1.5644156064793331e-009	2.1104523510963089
939	1.566083426955324e-009	3.4877898313611189
940	1.5677512474313148e-009	4.8142042205215798
941	1.5694190679073056e-009	6.0703238161141755
942	1.5710868883832962e-009	7.2378131214071235
943	1.572754708859287e-009	8.2996106138585262
944	1.5744225293352778e-009	9.2401999950917872
945	1.5760903498112686e-009	10.045889105892684
946	1.5777581702872592e-009	10.704918972371107
947	1.57942599076325e-009	11.207627669289305
948	1.5810938112392408e-009	11.546681530879853
949	1.5827616317152316e-009	11.717160151129319
950	1.5844294521912222e-009	11.716575014266187
951	1.586097272667213e-009	11.544910276222605
952	1.5877650931432039e-009	11.20466077870552
953	1.5894329136191947e-009	10.70080669543524
954	1.5911007340951855e-009	10.040709185735981
955	1.5927685545711761e-009	9.2340112909256575
956	1.5944363750471669e-009	8.2925051580675042
957	1.5961041955231577e-009	7.229926318979345
958	1.5977720159991485e-009	6.0617820753259304
959	1.5994398364751391e-009	4.805126892125795
960	1.6011076569511299e-009	3.4782981967048103
961	1.6027754774271207e-009	2.1006679116550449
962	1.6044432979031115e-009	0.69235563596111493
963	1.6061111183791021e-009	-0.72606245910960532
964	1.6077789388550929e-009	-2.1338721246562962
965	1.6094467593310838e-009	-3.5105240299599005
966	1.6111145798070746e-009	-4.8359187040872573
967	1.6127824002830652e-009	-6.090681812585867
968	1.614450220759056e-009	-7.2564891308613841
969	1.6161180412350468e-009	-8.3163583041349618
970	1.6177858617110376e-009	-9.2548094244554235
971	1.6194536821870284e-009	-10.058124202443278
972	1.621121502663019e-009	-10.714580775339225
973	1.6227893231390098e-009	-11.214607197712176
974	1.6244571436150006e-009	-11.550916205445045
975	1.6261249640909914e-009	-11.718575155380757
976	1.627792784566982e-009	-11.715124924711844
977	1.6294606050429728e-009	-11.540620593500277
978	1.6311284255189637e-009	-11.197598196001836
979	1.6327962459949545e-009	-10.691059335718245
980	1.6344640664709451e-009	-10.028410335251969
981	1.6361318869469359e-009	-9.2193382601724885
982	1.6377997074229267e-009	-8.275663654869204
983	1.6394675278989175e-009	-7.2111754808411233
984	1.6411353483749081e-009	-6.041399937164103
985	1.6428031688508989e-009	-4.7833957588006832
986	1.6444709893268897e-009	-3.4555404033911223
987	1.6461388098028805e-009	-2.0772442838692466
988	1.6478066302788713e-009	-0.66863654203333911
989	1.6494744507548619e-009	0.74974325205622827
990	1.6511422712308527e-009	2.1571948679082178
991	1.6528100917068436e-009	3.5331389046518815
992	1.6544779121828344e-009	4.8574825496455301
993	1.656145732658825e-009	6.1109129954377552
994	1.6578135531348158e-009	7.2751217733779265
995	1.6594813736108066e-009	8.3331017071157447
996	1.6611491940867974e-009	9.2694092309019656
997	1.662817014562788e-009	10.070374859807805
998	1.6644848350387788e-009	10.724310500557909
999	1.6661526555147696e-009	11.22167056229214
1000	1.6678204759907604e-009	11.555188252972361
1001	1.669488296466751e-009	11.719984267626021
1002	1.6711561169427418e-009	11.713651529646601
1003	1.6728239374187326e-009	11.536276775159081
1004	1.6744917578947235e-009	11.190444994184247
1005	1.6761595783707141e-009	10.681205060996525
1006	1.6778273988467049e-009	10.01599859892745
1007	1.6794952193226957e-009	9.2045661038113948
1008	1.6811630397986865e-009	8.258756298247663
1009	1.6828308602746773e-009	7.1923662443908096
1010	1.6844986807506679e-009	6.0209598975331415
1011	1.6861665012266587e-009	4.761649193413251
1012	1.6878343217026495e-009	3.4328305040771694
1013	1.6895021421786403e-009	2.0538835492263861
1014	1.6911699626546309e-009	0.6449435402608743
1015	1.6928377831306217e-009	-0.77341291146525504
1016	1.6945056036066125e-009	-2.1804887219979263
1017	1.6961734240826033e-009	-3.5557450410705447
1018	1.697841244558594e-009	-4.8790998117923969
1019	1.6995090650345848e-009	-6.1312099253530548
1020	1.7011768855105756e-009	-7.2937815816287461
1021	1.7028447059865664e-009	-8.349848706148947
1022	1.704512526462557e-009	-9.2839985756515446
1023	1.7061803469385478e-009	-10.082587766626105
1024	1.7078481674145386e-009	-10.733965502577881
1025	1.7095159878905294e-009	-11.228618100801921
1026	1.7111838083665202e-009	-11.55930941563453
1027	1.7128516288425108e-009	-11.72123797058342
1028	1.7145194493185016e-009	-11.71203710449787
1029	1.7161872697944924e-009	-11.531801868503207
1030	1.7178550902704832e-009	-11.183178563868285
1031	1.7195229107464739e-009	-10.671292865266873
1032	1.7211907312224647e-009	-10.003611749808648
1033	1.7228585516984555e-009	-9.18986191991063
1034	1.7245263721744463e-009	-8.2419161632157767
1035	1.7261941926504369e-009	-7.173626918512511
1036	1.7278620131264277e-009	-6.0006043509856237
1037	1.7295298336024185e-009	-4.7399750333023185
1038	1.7311976540784093e-009	-3.4101445720843651
1039	1.7328654745543999e-009	-2.0305150714902602
1040	1.7345332950303907e-009	-0.62122610628987862
1041	1.7362011155063815e-009	0.79714004148546791
1042	1.7378689359823723e-009	2.203876426736993
1043	1.7395367564583631e-009	3.5784416926026719
1044	1.7412045769343538e-009	4.9007599838960871
1045	1.7428723974103446e-009	6.1515048608268117
1046	1.7445402178863354e-009	7.3124099600745431
1047	1.7462080383623262e-009	8.3665410933312891
1048	1.7478758588383168e-009	9.2985204769678838
1049	1.7495436793143076e-009	10.094723026389779
1050	1.7512114997902984e-009	10.743516087678419
1051	1.7528793202662892e-009	11.23546310114293
1052	1.7545471407422798e-009	11.563374099160107
1053	1.7562149612182706e-009	11.72245116974611
1054	1.7578827816942614e-009	11.710380777466668
1055	1.7595506021702522e-009	11.527328953578815
1056	1.7612184226462428e-009	11.175970662287373
1057	1.7628862431222337e-009	10.661426824403044
1058	1.7645540635982245e-009	9.9912032404203366
1059	1.7662218840742153e-009	9.1750923522262475
1060	1.7678897045502059e-009	8.2250079345075982
1061	1.7695575250261967e-009	7.1548224543417689
1062	1.7712253455021875e-009	5.9801721282891194
1063	1.7728931659781783e-009	4.7182116822908764
1064	1.7745609864541691e-009	3.3873642873872365
1065	1.7762288069301597e-009	2.00707000618078
1066	1.7778966274061505e-009	0.5974714526512126
1067	1.7795644478821413e-009	-0.8208692686229504
1068	1.7812322683581321e-009	-2.2272310331497676
1069	1.7829000888341227e-009	-3.6010570281309335
1070	1.7845679093101136e-009	-4.922286744314361
1071	1.7862357297861044e-009	-6.1716498105350048
1072	1.7879035502620952e-009	-7.3309177182336791
1073	1.7895713707380858e-009	-8.3831452512509461
1074	1.7912391912140766e-009	-9.3129606974566208
1075	1.7929070116900674e-009	-10.106804977050267
1076	1.7945748321660582e-009	-10.753083123619259
1077	1.7962426526420488e-009	-11.242360759816474
1078	1.7979104731180396e-009	-11.567498469383235
1079	1.7995782935940304e-009	-11.723735255907494
1080	1.8012461140700212e-009	-11.708786168832559
1081	1.802913934546012e-009	-11.52287471282103
1082	1.8045817550220026e-009	-11.168717153863511
1083	1.8062495754979934e-009	-10.651474955962133
1084	1.8079173959739843e-009	-9.9787020690819563
1085	1.8095852164499751e-009	-9.1602249572345382
1086	1.8112530369259657e-009	-8.2079972784545632
1087	1.8129208574019565e-009	-7.1359275404223679
1088	1.8145886778779473e-009	-5.9596676193490001
1089	1.8162564983539381e-009	-4.6964065795570384
1090	1.8179243188299287e-009	-3.3645834955781542
1091	1.8195921393059195e-009	-1.9836319081211595
1092	1.8212599597819103e-009	-0.57371777382097755
1093	1.8229277802579011e-009	0.84456574187413136
1094	1.8245956007338917e-009	2.2505086986623963
1095	1.8262634212098825e-009	3.6236054348534745
1096	1.8279312416858733e-009	4.9438062390595245
1097	1.8295990621618642e-009	6.1918228263525812
1098	1.831266882637855e-009	7.349437715403476
1099	1.8329347031138456e-009	8.3997541076908178
1100	1.8346025235898364e-009	9.3274341930168809
1101	1.8362703440658272e-009	10.118917686972825
1102	1.837938164541818e-009	10.762639404489079
1103	1.8396059850178086e-009	11.249205127853926
1104	1.8412738054937994e-009	11.571521578802322
1105	1.8429416259697902e-009	11.724882444892632
1106	1.844609446445781e-009	11.707047324734008
1107	1.8462772669217716e-009	11.518271338153983
1108	1.8479450873977624e-009	11.161306961000774
1109	1.8496129078737532e-009	10.641397683043177
1110	1.8512807283497441e-009	9.9661388248895761
1111	1.8529485488257347e-009	9.1453466805040051
1112	1.8546163693017255e-009	8.1910057179895688
1113	1.8562841897777163e-009	7.1170824083678177
1114	1.8579520102537071e-009	5.9392517627716952
1115	1.8596198307296977e-009	4.6746935274697954
1116	1.8612876512056885e-009	3.3418678682989258
1117	1.8629554716816795e-009	1.9602480980119887
1118	1.8646232921576701e-009	0.55001654631223618
1119	1.8662911126336607e-009	-0.86824217582220764
1120	1.8679589331096517e-009	-2.2738230209900241
1121	1.8696267535856423e-009	-3.6462181600442927
1122	1.8712945740616329e-009	-4.9653875013843951
1123	1.872962394537624e-009	-6.2120560732992924
1124	1.8746302150136146e-009	-7.3680177660050461
1125	1.8762980354896056e-009	-8.4163909727047539
1126	1.8779658559655962e-009	-9.341872892584913
1127	1.8796336764415868e-009	-10.130941792654262
1128	1.8813014969175778e-009	-10.772078998542034
1129	1.8829693173935684e-009	-11.255936067676899
1130	1.884637137869559e-009	-11.575452112215743
1131	1.88630495834555e-009	-11.725949352596494
1132	1.8879727788215406e-009	-11.705225762898815
1133	1.8896405992975316e-009	-11.513619428554222
1134	1.8913084197735222e-009	-11.153920428484749
1135	1.8929762402495128e-009	-10.631358754107463
1136	1.8946440607255039e-009	-9.9535719916727174
1137	1.8963118812014945e-009	-9.1304516419395298
1138	1.8979797016774855e-009	-8.1740180718707673
1139	1.8996475221534761e-009	-7.0982291061248572
1140	1.9013153426294667e-009	-5.9187797047034012
1141	1.9029831631054577e-009	-4.6528994180801897
1142	1.9046509835814483e-009	-3.3190809892320137
1143	1.9063188040574389e-009	-1.936802232512449
1144	1.9079866245334299e-009	-0.52625435371832807
1145	1.9096544450094205e-009	0.89196866961509702
1146	1.9113222654854115e-009	2.2971696243636277
1147	1.9129900859614021e-009	3.668824321604645
1148	1.9146579064373927e-009	4.9869062231330066
1149	1.9163257269133838e-009	6.2321829134770148
1150	1.9179935473893744e-009	7.3864638670503808
1151	1.919661367865365e-009	8.4328797581934083
1152	1.921329188341356e-009	9.356161683971667
1153	1.9229970088173466e-009	10.142848716969628
1154	1.9246648292933376e-009	10.781461160100116
1155	1.9263326497693282e-009	11.262657387436036
1156	1.9280004702453188e-009	11.579396147270717
1157	1.9296682907213098e-009	11.727061214841187
1158	1.9313361111973004e-009	11.703493752116557
1159	1.9330039316732914e-009	11.509042710644923
1160	1.934671752149282e-009	11.146554399658395
1161	1.9363395726252726e-009	10.621313122641714
1162	1.9380073931012637e-009	9.9409894066489688
1163	1.9396752135772543e-009	9.1155156958123875
1164	1.9413430340532449e-009	8.1569392883813858
1165	1.9430108545292359e-009	7.0792543473133467
1166	1.9446786750052265e-009	5.8982037334242428
1167	1.9463464954812175e-009	4.6310292086091636
1168	1.9480143159572081e-009	3.2962365117779138
1169	1.9496821364331987e-009	1.9133269931329353
1170	1.9513499569091897e-009	0.50248597649358817
1171	1.9530177773851803e-009	-0.91567736555126
1172	1.9546855978611713e-009	-2.3204610885340156
1173	1.9563534183371619e-009	-3.6913685172172634
1174	1.9580212388131525e-009	-5.0083818728758223
1175	1.9596890592891436e-009	-6.252266717669583
1176	1.9613568797651342e-009	-7.4048569760105947
1177	1.9630247002411248e-009	-8.4493433759833199
1178	1.9646925207171158e-009	-9.3704810739842692
1179	1.9663603411931064e-009	-10.154807423341737
1180	1.9680281616690974e-009	-10.790865416342815
1181	1.969695982145088e-009	-11.269365927023767
1182	1.9713638026210786e-009	-11.583315138632315
1183	1.9730316230970696e-009	-11.728114545268813
1184	1.9746994435730602e-009	-11.701651487746087
1185	1.9763672640490508e-009	-11.504330364492077
1186	1.9780350845250418e-009	-11.139045370455648
1187	1.9797029050010324e-009	-10.611128365233753
1188	1.9813707254770235e-009	-9.9282863318044861
1189	1.9830385459530141e-009	-9.1004818033250743
1190	1.9847063664290047e-009	-8.1397902347617261
1191	1.9863741869049957e-009	-7.0602594245019894
1192	1.9880420073809863e-009	-5.877663119290423
1193	1.9897098278569773e-009	-4.609234482365304
1194	1.9913776483329679e-009	-3.2734894725881718
1195	1.9930454688089585e-009	-1.8899562787098327
1196	1.9947132892849495e-009	-0.4788221190944989
1197	1.9963811097609401e-009	0.93931461400111149
1198	1.9980489302369307e-009	2.343736758451695
1199	1.9997167507129217e-009	3.7139302842501802
1200	2.0013845711889123e-009	5.0298807691443184
1201	2.0030523916649034e-009	6.2723845815912531
1202	2.004720212140894e-009	7.423310243078582
1203	2.0063880326168846e-009	8.4658680401707826
1204	2.0080558530928756e-009	9.3848305541943802
1205	2.0097236735688662e-009	10.166763002216538
1206	2.0113914940448568e-009	10.800242159723766
1207	2.0130593145208478e-009	11.276005547847411
1208	2.0147271349968384e-009	11.587112306779666
1209	2.0163949554728294e-009	11.729028042371768
1210	2.01806277594882e-009	11.699688756960136
1211	2.0197305964248106e-009	11.499534855410598
1212	2.0213984169008016e-009	11.131493257178601
1213	2.0230662373767922e-009	10.600922007483135
1214	2.0247340578527833e-009	9.9155574337702248
1215	2.0264018783287739e-009	9.0854385932622428
1216	2.0280696988047645e-009	8.1226803360272015
1217	2.0297375192807555e-009	7.0413125639062262
1218	2.0314053397567461e-009	5.8571284273300428
1219	2.0330731602327367e-009	4.5874128810699899
1220	2.0347409807087277e-009	3.250702474664398
1221	2.0364088011847183e-009	1.8665180285739884
1222	2.0380766216607093e-009	0.45506810016442567
1223	2.0397444421366999e-009	-0.96302669734590773
1224	2.0414122626126905e-009	-2.3670438671619025
1225	2.0430800830886815e-009	-3.7364837800888671
1226	2.0447479035646721e-009	-5.0513530444673798
1227	2.0464157240406632e-009	-6.2924641888718682
1228	2.0480835445166538e-009	-7.4417107419230737
1229	2.0497513649926444e-009	-8.4823030291964585
1230	2.0514191854686354e-009	-9.3990448719476198
1231	2.053087005944626e-009	-10.178561037600804
1232	2.0547548264206166e-009	-10.809462813440135
1233	2.0564226468966076e-009	-11.282524939657149
1234	2.0580904673725982e-009	-11.590844443153212
1235	2.0597582878485892e-009	-11.729934040126901
1236	2.0614261083245798e-009	-11.697771054012915
1237	2.0630939288005704e-009	-11.494808717567956
1238	2.0647617492765614e-009	-11.123998042224127
1239	2.066429569752552e-009	-10.590767226695608
1240	2.0680973902285426e-009	-9.90289759693942
1241	2.0697652107045337e-009	-9.0704348799276353
1242	2.0714330311805243e-009	-8.1055404116172216
1243	2.0731008516565153e-009	-7.0222901989419091
1244	2.0747686721325059e-009	-5.8364992417401034
1245	2.0764364926084965e-009	-4.5654870762770301
1246	2.0781043130844875e-009	-3.2278126538929692
1247	2.0797721335604781e-009	-1.8430006357992035
1248	2.0814399540364691e-009	-0.43128207031853794
1249	2.0831077745124597e-009	0.98672806289351578
1250	2.0847755949884503e-009	2.3903258855330032
1251	2.0864434154644413e-009	3.759003453953695
1252	2.0881112359404319e-009	5.0727884120953997
1253	2.0897790564164225e-009	6.312498062587272
1254	2.0914468768924136e-009	7.460036394744292
1255	2.0931146973684042e-009	8.4986665732981876
1256	2.0947825178443952e-009	9.4132239141507483
1257	2.0964503383203858e-009	10.190347442450101
1258	2.0981181587963764e-009	10.81867994970283
1259	2.0997859792723674e-009	11.289056213495531
1260	2.101453799748358e-009	11.594607802844518
1261	2.1031216202243486e-009	11.730856052905111
1262	2.1047894407003396e-009	11.695813829515835
1263	2.1064572611763302e-009	11.490001816773084
1264	2.1081250816523212e-009	11.116417705168365
1265	2.1097929021283118e-009	10.580501727962027
1266	2.1114607226043024e-009	9.8900848250460154
1267	2.1131285430802935e-009	9.055273809536498
1268	2.1147963635562841e-009	8.0882715395888525
1269	2.1164641840322751e-009	7.0031883040811547
1270	2.1181320045082657e-009	5.815855648446858
1271	2.1197998249842563e-009	4.543592361350191
1272	2.1214676454602473e-009	3.2049683117819603
1273	2.1231354659362379e-009	1.8195557365095527
1274	2.1248032864122285e-009	0.40759734863816033
1275	2.1264711068882195e-009	-1.0103262575716796
1276	2.1281389273642101e-009	-2.4135194294374278
1277	2.1298067478402011e-009	-3.7814547686394553
1278	2.1314745683161917e-009	-5.0941700439290036
1279	2.1331423887921823e-009	-6.332517172142377
1280	2.1348102092681734e-009	-7.4784048266701681
1281	2.136478029744164e-009	-8.5150974927969969
1282	2.138145850220155e-009	-9.4274563352005174
1283	2.1398136706961456e-009	-10.202168129541796
1284	2.1414814911721362e-009	-10.827922801971122
1285	2.1431493116481272e-009	-11.295586447519938
1286	2.1448171321241178e-009	-11.598320721531216
1287	2.1464849526001084e-009	-11.731691951561103
1288	2.1481527730760994e-009	-11.693757642338428
1289	2.14982059355209e-009	-11.48507080626965
1290	2.151488414028081e-009	-11.108688237021399
1291	2.1531562345040716e-009	-10.570113241308423
1292	2.1548240549800622e-009	-9.8772157627525026
1293	2.1564918754560533e-009	-9.0401199293948729
1294	2.1581596959320439e-009	-8.071044767599922
1295	2.1598275164080345e-009	-6.9841197781616717
1296	2.1614953368840255e-009	-5.7952038579139149
1297	2.1631631573600161e-009	-4.5216863112444718
1298	2.1648309778360071e-009	-3.1821543686560627
1299	2.1664987983119977e-009	-1.7961342666602702
1300	2.1681666187879883e-009	-0.38387471875877655
1301	2.1698344392639793e-009	1.033990376021809
1302	2.1715022597399699e-009	2.4367580713695576
1303	2.1731700802159609e-009	3.803946410252609
1304	2.1748379006919515e-009	5.1155979824213658
1305	2.1765057211679421e-009	6.3525518088829038
1306	2.1781735416439332e-009	7.4967310090772061
1307	2.1798413621199238e-009	8.5314415009504998
1308	2.1815091825959144e-009	9.4415850875622489
1309	2.1831770030719054e-009	10.213875736108951
1310	2.184844823547896e-009	10.837045956883284
1311	2.186512644023887e-009	11.301982403260215
1312	2.1881804644998776e-009	11.601888821539596
1313	2.1898482849758682e-009	11.732406418893312
1314	2.1915161054518592e-009	11.691628900151509
1315	2.1931839259278498e-009	11.480133254513026
1316	2.1948517464038404e-009	11.101014871473554
1317	2.1965195668798314e-009	10.559816792724135
1318	2.198187387355822e-009	9.864442343814126
1319	2.1998552078318131e-009	9.0250345020954104
1320	2.2015230283078037e-009	8.0538368119889707
1321	2.2031908487837943e-009	6.9650469592569255
1322	2.2048586692597853e-009	5.7745589487857814
1323	2.2065264897357759e-009	4.4997510568167352
1324	2.2081943102117669e-009	3.1592450198742474
1325	2.2098621306877575e-009	1.7726055242285117
1326	2.2115299511637481e-009	0.36007789361745945
1327	2.2131977716397391e-009	-1.0577079170199051
1328	2.2148655921157297e-009	-2.4600438076823412
1329	2.2165334125917203e-009	-3.826455904497327
1330	2.2182012330677113e-009	-5.1369858875894447
1331	2.2198690535437019e-009	-6.3725032010330347
1332	2.221536874019693e-009	-7.5149776190061583
1333	2.2232046944956836e-009	-8.5477174848513933
1334	2.2248725149716742e-009	-9.4556545112461237
1335	2.2265403354476652e-009	-10.225532389590377
1336	2.2282081559236558e-009	-10.846112192775108
1337	2.2298759763996468e-009	-11.308347565310953
1338	2.2315437968756374e-009	-11.605478560873198
1339	2.233211617351628e-009	-11.733154128654459
1340	2.234879437827619e-009	-11.689506399060498
1341	2.2365472583036096e-009	-11.475179943672323
1342	2.2382150787796002e-009	-11.093309988248308
1343	2.2398828992555912e-009	-10.549459913506514
1344	2.2415507197315818e-009	-9.851562725758745
1345	2.2432185402075729e-009	-9.0098172222790129
1346	2.2448863606835635e-009	-8.03651679296485
1347	2.2465541811595541e-009	-6.945869796280328
1348	2.2482220016355451e-009	-5.7538071864636535
1349	2.2498898221115357e-009	-4.4777457066532467
1350	2.2515576425875263e-009	-3.1363190806581587
1351	2.2532254630635173e-009	-1.7491037417439357
1352	2.2548932835395079e-009	-0.33635003671369923
1353	2.2565611040154989e-009	1.0813220859100361
1354	2.2582289244914895e-009	2.4832169073201413
1355	2.2598967449674801e-009	3.8488488929343383
1356	2.2615645654434711e-009	5.1582686470940819
1357	2.2632323859194617e-009	6.3923857751129471
1358	2.2649002063954528e-009	7.5331926102811124
1359	2.2665680268714434e-009	8.5639967628328328
1360	2.268235847347434e-009	9.4697521900055115
1361	2.269903667823425e-009	10.237244670039143
1362	2.2715714882994156e-009	10.855254838887992
1363	2.2732393087754062e-009	11.314763725916372
1364	2.2749071292513972e-009	11.609062606504978
1365	2.2765749497273878e-009	11.733856282164226
1366	2.2782427702033788e-009	11.687324992707033
1367	2.2799105906793694e-009	11.470154654962258
1368	2.28157841115536e-009	11.085505877890558
1369	2.283246231631351e-009	10.538980211711745
1370	2.2849140521073416e-009	9.8385675110488453
1371	2.2865818725833322e-009	8.9945015989505066
1372	2.2882496930593233e-009	8.0191186900541638
1373	2.2899175135353139e-009	6.9266630688050128
1374	2.2915853340113049e-009	5.7330803171349967
1375	2.2932531544872955e-009	4.4557935892565208
1376	2.2949209749632861e-009	3.1134494892285751
1377	2.2965887954392771e-009	1.7256410721015623
1378	2.2982566159152677e-009	0.3126209314526629
1379	2.2999244363912587e-009	-1.1049582846622603
1380	2.3015922568672493e-009	-2.5063949069368689
1381	2.3032600773432399e-009	-3.8712530763196575
1382	2.3049278978192309e-009	-5.1795994774184653
1383	2.3065957182952215e-009	-6.4123221596428088
1384	2.3082635387712121e-009	-7.5514261980344131
1385	2.3099313592472032e-009	-8.580264474045471
1386	2.3115991797231938e-009	-9.4838073239052516
1387	2.3132670001991848e-009	-10.248865490109647
1388	2.3149348206751754e-009	-10.864263355514817
1389	2.316602641151166e-009	-11.321030091569886
1390	2.318270461627157e-009	-11.612507984848673
1391	2.3199382821031476e-009	-11.734440598087797
1392	2.3216061025791386e-009	-11.685049841837554
1393	2.3232739230551292e-009	-11.465044531088802
1394	2.3249417435311198e-009	-11.077628802502648
1395	2.3266095640071108e-009	-10.528476386720971
1396	2.3282773844831014e-009	-9.8256107392389858
1397	2.329945204959092e-009	-8.9792762142724527
1398	2.3316130254350831e-009	-8.001833987134864
1399	2.3332808459110737e-009	-6.9075562373156032
1400	2.3349486663870647e-009	-5.7124144737734657
1401	2.3366164868630553e-009	-4.4338564519780128
1402	2.3382843073390459e-009	-3.0905419664370029
1403	2.3399521278150369e-009	-1.7021053203733669
1404	2.3416199482910275e-009	-0.28882994559583125
1405	2.3432877687670181e-009	1.1286521604647781
1406	2.3449555892430091e-009	2.5296491645198422
1407	2.3466234097189997e-009	3.8937219822999038
1408	2.3482912301949907e-009	5.2009551083483281
1409	2.3499590506709813e-009	6.4322482399038607
1410	2.3516268711469719e-009	7.5696117040904003
1411	2.353294691622963e-009	8.5964466923689038
1412	2.3549625120989536e-009	9.497757965243391
1413	2.3566303325749446e-009	10.260386774845212
1414	2.3582981530509352e-009	10.873206803383205
1415	2.3599659735269258e-009	11.327259964434802
1416	2.3616337940029168e-009	11.615929071982151
1417	2.3633016144789074e-009	11.735005316624235
1418	2.364969434954898e-009	11.682744437790134
1419	2.366637255430889e-009	11.4599195046929
1420	2.3683050759068796e-009	11.069779635740911
1421	2.3699728963828706e-009	10.518003940668372
1422	2.3716407168588612e-009	9.8126391968568534
1423	2.3733085373348518e-009	8.9639885529049366
1424	2.3749763578108429e-009	7.984448818045939
1425	2.3766441782868335e-009	6.8883219970113725
1426	2.3783119987628241e-009	5.6916139146042006
1427	2.3799798192388151e-009	4.4118041758718283
1428	2.3816476397148057e-009	3.0675787522901379
1429	2.3833154601907967e-009	1.6785630861095724
1430	2.3849832806667873e-009	0.26505035163689716
1431	2.3866511011427779e-009	-1.1523090686903965
1432	2.3883189216187689e-009	-2.5528312202201748
1433	2.3899867420947595e-009	-3.9160880342962678
1434	2.3916545625707505e-009	-5.2221810307336334
1435	2.3933223830467411e-009	-6.4520425295915587
1436	2.3949902035227317e-009	-7.5877059559464506
1437	2.3966580239987228e-009	-8.6125744201127574
1438	2.3983258444747134e-009	-9.5116786334825498
1439	2.399993664950704e-009	-10.271908783506316
1440	2.401661485426695e-009	-10.882175425681186
1441	2.4033293059026856e-009	-11.333533514928035
1442	2.4049971263786766e-009	-11.61939878042725
1443	2.4066649468546672e-009	-11.735618300142445
1444	2.4083327673306578e-009	-11.680482154563844
1445	2.4100005878066488e-009	-11.454795376861876
1446	2.4116684082826394e-009	-11.061855109933134
1447	2.4133362287586304e-009	-10.507401841346503
1448	2.415004049234621e-009	-9.799530965024811
1449	2.4166718697106116e-009	-8.9485815598345511
1450	2.4183396901866027e-009	-7.9669707822670581
1451	2.4200075106625933e-009	-6.8690218573069659
1452	2.4216753311385839e-009	-5.6707783287744054
1453	2.4233431516145749e-009	-4.3897373829515152
1454	2.4250109720905655e-009	-3.0446130087752312
1455	2.4266787925665565e-009	-1.6550535731545195
1456	2.4283466130425471e-009	-0.24134030909021992
1457	2.4300144335185377e-009	1.1758970897223533
1458	2.4316822539945287e-009	2.5759769592922899
1459	2.4333500744705193e-009	3.9384583488728935
1460	2.4350178949465099e-009	5.2434471776397267
1461	2.4366857154225009e-009	6.4718760280138419
1462	2.4383535358984915e-009	7.6058044151386328
1463	2.4400213563744826e-009	8.6286952247500821
1464	2.4416891768504732e-009	9.5256075831031364
1465	2.4433569973264638e-009	10.283424247498356
1466	2.4450248178024548e-009	10.891083816267237
1467	2.4466926382784454e-009	11.339714291114596
1468	2.4483604587544364e-009	11.622761070759589
1469	2.450028279230427e-009	11.736090111515299
1470	2.4516960997064176e-009	11.678046379824856
1471	2.4533639201824086e-009	11.44950757205309
1472	2.4550317406583992e-009	11.053824456213061
1473	2.4566995611343898e-009	10.496754968801394
1474	2.4583673816103808e-009	9.7864237178509086
1475	2.4600352020863714e-009	8.9331968933818331
1476	2.4617030225623624e-009	7.9495268002350139
1477	2.4633708430383531e-009	6.8497867305437401
1478	2.4650386635143437e-009	5.650035593745673
1479	2.4667064839903347e-009	4.3677717583287734
1480	2.4683743044663253e-009	3.0217310539826725
1481	2.4700421249423159e-009	1.6315774803224521
1482	2.4717099454183069e-009	0.21760256043459608
1483	2.4733777658942975e-009	-1.1995492118180371
1484	2.4750455863702885e-009	-2.5991995880531347
1485	2.4767134068462791e-009	-3.9608984381977672
1486	2.4783812273222697e-009	-5.2647516489435962
1487	2.4800490477982607e-009	-6.4917305244462877
1488	2.4817168682742513e-009	-7.6239260950540642
1489	2.4833846887502423e-009	-8.6448109701510756
1490	2.485052509226233e-009	-9.5394763061656676
1491	2.4867203297022236e-009	-10.294853960260671
1492	2.4883881501782146e-009	-10.899901579158263
1493	2.4900559706542052e-009	-11.345784725775736
1494	2.4917237911301958e-009	-11.625999191981501
1495	2.4933916116061868e-009	-11.736471654044506
1496	2.4950594320821774e-009	-11.675601315152541
1497	2.4967272525581684e-009	-11.444255590763063
1498	2.498395073034159e-009	-11.045816132843477
1499	2.5000628935101496e-009	-10.486109760832687
1500	2.5017307139861406e-009	-9.7733004326060087
1501	2.5033985344621312e-009	-8.9177960733531627
1502	2.5050663549381222e-009	-7.9320760587965617
1503	2.5067341754141129e-009	-6.8305165817295528
1504	2.5084019958901035e-009	-5.6292068466153786
1505	2.5100698163660945e-009	-4.3457017411436833
1506	2.5117376368420851e-009	-2.9987499967682898
1507	2.5134054573180757e-009	-1.6080161117225429
1508	2.5150732777940667e-009	-0.19380415972614731
1509	2.5167410982700573e-009	1.2232241300046056
1510	2.5184089187460483e-009	2.6223796043931396
1511	2.5200767392220389e-009	3.9832484075154451
1512	2.5217445596980295e-009	5.2859607774206046
1513	2.5234123801740205e-009	6.5114822402251953
1514	2.5250802006500111e-009	7.6419244071701726
1515	2.5267480211260017e-009	8.6608052274113874
1516	2.5284158416019928e-009	9.553247040978416
1517	2.5300836620779834e-009	10.306208430145686
1518	2.5317514825539744e-009	10.908682104729042
1519	2.533419303029965e-009	11.351866643159124
1520	2.5350871235059556e-009	11.629295318801249
1521	2.5367549439819466e-009	11.736929028395856
1522	2.5384227644579372e-009	11.673208156003593
1523	2.5400905849339282e-009	11.439030753904017
1524	2.5417584054099188e-009	11.037814872622427
1525	2.5434262258859094e-009	10.475445117866773
1526	2.5450940463619004e-009	9.7601254057016238
1527	2.546761866837891e-009	8.9022991650088468
1528	2.5484296873138816e-009	7.9144913537686588
1529	2.5500975077898727e-009	6.8111200785271144
1530	2.5517653282658633e-009	5.6082911401428088
1531	2.5534331487418543e-009	4.3235737366760212
1532	2.5551009692178449e-009	2.9757305548496378
1533	2.5567687896938355e-009	1.584446262315808
1534	2.5584366101698265e-009	0.17004636557755237
1535	2.5601044306458171e-009	-1.2468342797362713
1536	2.5617722511218077e-009	-2.6455124998193664
1537	2.5634400715977987e-009	-4.0055560102040495
1538	2.5651078920737893e-009	-5.3071152006728761
1539	2.5667757125497803e-009	-6.5311953630408341
1540	2.5684435330257709e-009	-7.6599268208102007
1541	2.5701113535017615e-009	-8.676830092059614
1542	2.5717791739777525e-009	-9.5670526385070751
1543	2.5734469944537432e-009	-10.317578274239114
1544	2.5751148149297342e-009	-10.917442283858282
1545	2.5767826354057248e-009	-11.357902985022921
1546	2.5784504558817154e-009	-11.632529572374038
1547	2.5801182763577064e-009	-11.737296499564911
1548	2.581786096833697e-009	-11.670678213285614
1549	2.5834539173096876e-009	-11.433649061057771
1550	2.5851217377856786e-009	-11.029672387795316
1551	2.5867895582616692e-009	-10.464657706593187
1552	2.5884573787376602e-009	-9.7468536309823435
1553	2.5901251992136508e-009	-8.88675180919914
1554	2.5917930196896414e-009	-7.896910131123235
1555	2.5934608401656324e-009	-6.791761558622083
1556	2.5951286606416231e-009	-5.5874376584089678
1557	2.5967964811176141e-009	-4.3015292489927823
1558	2.5984643015936047e-009	-2.9528105541868719
1559	2.6001321220695953e-009	-1.5609762509657332
1560	2.6017999425455863e-009	-0.14635486582871449
1561	2.6034677630215769e-009	1.2704140038733973
1562	2.6051355834975675e-009	2.6686393624581517
1563	2.6068034039735585e-009	4.0278986074131069
1564	2.6084712244495491e-009	5.3283485627477791
1565	2.6101390449255401e-009	6.5509942674148203
1566	2.6118068654015307e-009	7.677991853925306
1567	2.6134746858775213e-009	8.6928773420187468
1568	2.6151425063535123e-009	9.5808274705097922
1569	2.616810326829503e-009	10.328888471093975
1570	2.6184781473054936e-009	10.926140282724507
1571	2.6201459677814846e-009	11.363861541583429
1572	2.6218137882574752e-009	11.635656184048926
1573	2.6234816087334662e-009	11.737554049646793
1574	2.6251494292094568e-009	11.668061984146689
1575	2.6268172496854474e-009	11.428199104110995
1576	2.6284850701614384e-009	11.021479137567793
1577	2.630152890637429e-009	10.453854060632025
1578	2.63182071111342e-009	9.733614144666884
1579	2.6334885315894106e-009	8.8712510305932391
1580	2.6351563520654012e-009	7.8793489860702879
1581	2.6368241725413922e-009	6.7723970030822027
1582	2.6384919930173829e-009	5.5665551268829496
1583	2.6401598134933735e-009	4.2794353289427001
1584	2.6418276339693645e-009	2.9298312935612771
1585	2.6434954544453551e-009	1.5374351801266206
1586	2.6451632749213461e-009	0.12257815279901367
1587	2.6468310953973367e-009	-1.2940684880370197
1588	2.6484989158733273e-009	-2.6918098137107598
1589	2.6501667363493183e-009	-4.0502378356390203
1590	2.6518345568253089e-009	-5.3495261691975919
1591	2.6535023773012999e-009	-6.5706947751760039
1592	2.6551701977772905e-009	-7.6959165640499547
1593	2.6568380182532811e-009	-8.7087797637011448
1594	2.6585058387292721e-009	-9.5944939136815641
1595	2.6601736592052628e-009	-10.34011331637657
1596	2.6618414796812534e-009	-10.934756150116069
1597	2.6635093001572444e-009	-11.369755413843006
1598	2.665177120633235e-009	-11.638750945093461
1599	2.666844941109226e-009	-11.737810287903214
1600	2.6685127615852166e-009	-11.665481952217352
1601	2.6701805820612072e-009	-11.42281854543886
1602	2.6718484025371982e-009	-11.013367369724822
1603	2.6735162230131888e-009	-10.443111892243785
1604	2.6751840434891794e-009	-9.7203871977475451
1605	2.6768518639651704e-009	-8.8557163675449111
1606	2.678519684441161e-009	-7.8617194999708495
1607	2.680187504917152e-009	-6.7529381893182547
1608	2.6818553253931426e-009	-5.5455643525810636
1609	2.6835231458691333e-009	-4.2572311176813695
1610	2.6851909663451243e-009	-2.906748075172251
1611	2.6868587868211149e-009	-1.5138245523855998
1612	2.6885266072971059e-009	-0.098790889732234377
1613	2.6901944277730965e-009	1.3176888521932677
1614	2.6918622482490871e-009	2.7149268290692801
1615	2.6935300687250781e-009	4.0725141861437759
1616	2.6951978892010687e-009	5.3706249984955097
1617	2.6968657096770593e-009	6.5903304977025607
1618	2.6985335301530503e-009	7.7138217320130478
1619	2.7002013506290409e-009	8.7246753275287201
1620	2.7018691711050319e-009	9.6081388230147873
1621	2.7035369915810225e-009	10.351322933200514
1622	2.7052048120570132e-009	10.943378572688429
1623	2.7068726325330042e-009	11.375658226562773
1624	2.7085404530089948e-009	11.641842723179327
1625	2.7102082734849854e-009	11.738035921426546
1626	2.7118760939609764e-009	11.66282847732495
1627	2.713543914436967e-009	11.41733212749158
1628	2.715211734912958e-009	11.005135299621594
1629	2.7168795553889486e-009	10.432235784954123
1630	2.7185473758649392e-009	9.7070048782509915
1631	2.7202151963409302e-009	8.8400435504741814
1632	2.7218830168169208e-009	7.8440096830501673
1633	2.7235508372929118e-009	6.7334526736012323
1634	2.7252186577689024e-009	5.52459090466518
1635	2.7268864782448931e-009	4.2350901357853168
1636	2.7285542987208841e-009	2.8837702772377005
1637	2.7302221191968747e-009	1.4903278763183523
1638	2.7318899396728653e-009	0.075098847569499624
1639	2.7335577601488563e-009	-1.3412354559076005
1640	2.7352255806248469e-009	-2.7379870409113107
1641	2.7368934011008379e-009	-4.0947615286673731
1642	2.7385612215768285e-009	-5.3917404789614167
1643	2.7402290420528191e-009	-6.6100013250411038
1644	2.7418968625288101e-009	-7.7317512347858708
1645	2.7435646830048007e-009	-8.7406044541772125
1646	2.7452325034807917e-009	-9.6218407467151579
1647	2.7469003239567823e-009	-10.362577913979077
1648	2.748568144432773e-009	-10.952002582765695
1649	2.750235964908764e-009	-11.381512557327092
1650	2.7519037853847546e-009	-11.644834490425421
1651	2.7535716058607452e-009	-11.738138835101243
1652	2.7552394263367362e-009	-11.660068434190062
1653	2.7569072468127268e-009	-11.411749051712992
1654	2.7585750672887178e-009	-10.996798205766607
1655	2.7602428877647084e-009	-10.421283227253895
1656	2.761910708240699e-009	-9.6936037217793345
1657	2.76357852871669e-009	-8.8243791619488086
1658	2.7652463491926806e-009	-7.8263121580864219
1659	2.7669141696686712e-009	-6.7139977009766909
1660	2.7685819901446622e-009	-5.5036766899929823
1661	2.7702498106206529e-009	-4.2129863684485933
1662	2.7719176310966439e-009	-2.8607619059831255
1663	2.7735854515726345e-009	-1.466760840448293
1664	2.7752532720486251e-009	-0.051336156137732236
1665	2.7769210925246161e-009	1.3648435276523059
1666	2.7785889130006067e-009	2.761094265699267
1667	2.7802567334765977e-009	4.1170352783862585
1668	2.7819245539525883e-009	5.412862420906742
1669	2.7835923744285789e-009	6.6296468307647523
1670	2.7852601949045699e-009	7.7496241356647975
1671	2.7869280153805605e-009	8.756446180057571
1672	2.7885958358565511e-009	9.6354163067215595
1673	2.7902636563325421e-009	10.373683583037604
1674	2.7919314768085327e-009	10.960470888025576
1675	2.7935992972845238e-009	11.387238863263423
1676	2.7952671177605144e-009	11.647764782744909
1677	2.796934938236505e-009	11.738226899297011
1678	2.798602758712496e-009	11.657299999594443
1679	2.8002705791884866e-009	11.406179008624395
1680	2.8019383996644772e-009	10.988514190541133
1681	2.8036062201404682e-009	10.41039268435707
1682	2.8052740406164588e-009	9.6802546080778491
1683	2.8069418610924498e-009	8.808766070504582
1684	2.8086096815684404e-009	7.8086618396677263
1685	2.810277502044431e-009	6.694542051047601
1686	2.811945322520422e-009	5.4826827692504168
1687	2.8136131429964126e-009	4.1907632779023496
1688	2.8152809634724037e-009	2.8376443397685689
1689	2.8169487839483943e-009	1.4431049932649451
1690	2.8186166044243849e-009	0.027502779214533452
1691	2.8202844249003759e-009	-1.3884931765313473
1692	2.8219522453763665e-009	-2.7842086798894607
1693	2.8236200658523571e-009	-4.1392750551319075
1694	2.8252878863283481e-009	-5.4339138440928627
1695	2.8269557068043387e-009	-6.6492186520849863
1696	2.8286235272803297e-009	-7.7674366101295691
1697	2.8302913477563203e-009	-8.7722261917238313
1698	2.8319591682323109e-009	-9.6489126455523699
1699	2.8336269887083019e-009	-10.384731238621578
1700	2.8352948091842925e-009	-10.968947915192778
1701	2.8369626296602836e-009	-11.393001439116045
1702	2.8386304501362742e-009	-11.65070006243916
1703	2.8402982706122648e-009	-11.738298631197104
1704	2.8419660910882558e-009	-11.654515783193514
1705	2.8436339115642464e-009	-11.400568681070542
1706	2.845301732040237e-009	-10.980153991572809
1707	2.846969552516228e-009	-10.399399255995794
1708	2.8486373729922186e-009	-9.6667879146888431
1709	2.8503051934682096e-009	-8.7930299225593309
1710	2.8519730139442002e-009	-7.79088765503817
1711	2.8536408344201908e-009	-6.6749785690199843
1712	2.8553086548961818e-009	-5.4616077921333268
1713	2.8569764753721724e-009	-4.1685114569367192
1714	2.8586442958481631e-009	-2.8145680436753753
1715	2.8603121163241541e-009	-1.4195400717000517
1716	2.8619799368001447e-009	-0.0037832037456597702
1717	2.8636477572761357e-009	1.4120246541991719
1718	2.8653155777521263e-009	2.807212878521713
1719	2.8669833982281169e-009	4.1614340533260332
1720	2.8686512187041079e-009	5.4549202867703137
1721	2.8703190391800985e-009	6.6687637559796151
1722	2.8719868596560895e-009	7.7852309949765637
1723	2.8736546801320801e-009	8.7880232382892416
1724	2.8753225006080707e-009	9.6624864395403556
1725	2.8769903210840617e-009	10.395862852221963
1726	2.8786581415600523e-009	10.977446225246169
1727	2.880325962036043e-009	11.398741824431635
1728	2.881993782512034e-009	11.653613029000422
1729	2.8836616029880246e-009	11.738326922370106
1730	2.8853294234640156e-009	11.651646943676855
1731	2.8869972439400062e-009	11.394847203333157
1732	2.8886650644159968e-009	10.971671741580735
1733	2.8903328848919878e-009	10.388298051590867
1734	2.8920007053679784e-009	9.6532428144346731
1735	2.893668525843969e-009	8.7772326522378492
1736	2.89533634631996e-009	7.7730612961503782
1737	2.8970041667959506e-009	6.6554087891645839
1738	2.8986719872719416e-009	5.4405913640902668
1739	2.9003398077479322e-009	4.1463312141529887
1740	2.9020076282239228e-009	2.7915279717859289
1741	2.9036754486999139e-009	1.3959817723370613
1742	2.9053432691759045e-009	-0.019929343345814789
1743	2.9070110896518955e-009	-1.4355655166525865
1744	2.9086789101278861e-009	-2.8302718428273268
1745	2.9103467306038767e-009	-4.1836648008816439
1746	2.9120145510798677e-009	-5.4759769029338399
1747	2.9136823715558583e-009	-6.6883344780342835
1748	2.9153501920318489e-009	-7.8030211839811194
1749	2.9170180125078399e-009	-8.8037668290731528
1750	2.9186858329838305e-009	-9.6759595678545161
1751	2.9203536534598215e-009	-10.40686267211248
1752	2.9220214739358121e-009	-10.985810048951896
1753	2.9236892944118027e-009	-11.404355093197058
1754	2.9253571148877938e-009	-11.656399771513225
1755	2.9270249353637844e-009	-11.738248731655155
1756	2.9286927558397754e-009	-11.648703488409904
1757	2.930360576315766e-009	-11.389094315274257
1758	2.9320283967917566e-009	-10.963209230217011
1759	2.9336962172677476e-009	-10.377239405400079
1760	2.9353640377437382e-009	-9.6397390690019513
1761	2.9370318582197288e-009	-8.7614979796915939
1762	2.9386996786957198e-009	-7.7553238283360253
1763	2.9403674991717104e-009	-6.6359011011253362
1764	2.9420353196477014e-009	-5.4195805131918267
1765	2.943703140123692e-009	-4.1241242013017576
1766	2.9453709605996826e-009	-2.7684587493061406
1767	2.9470387810756737e-009	-1.3723719642655334
1768	2.9487066015516643e-009	0.043748756555146567
1769	2.9503744220276549e-009	1.4592338590532807
1770	2.9520422425036459e-009	2.8534197934825256
1771	2.9537100629796365e-009	4.2059261591803576
1772	2.9553778834556275e-009	5.49700992785335
1773	2.9570457039316181e-009	6.7078354377644729
1774	2.9587135244076087e-009	7.8207196501910587
1775	2.9603813448835997e-009	8.8194155905787532
1776	2.9620491653595903e-009	9.6893465510449346
1777	2.9637169858355813e-009	10.417800999668621
1778	2.9653848063115719e-009	10.994141443219203
1779	2.9670526267875625e-009	11.409950115811252
1780	2.9687204472635536e-009	11.659154349485437
1781	2.9703882677395442e-009	11.738146744796865
1782	2.9720560882155348e-009	11.645777771615304
1783	2.9737239086915258e-009	11.383357774257696
1784	2.9753917291675164e-009	10.954715298202046
1785	2.9770595496435074e-009	10.366129048308546
1786	2.978727370119498e-009	9.6261846168647871
1787	2.9803951905954886e-009	8.7456784904284461
1788	2.9820630110714796e-009	7.7374657508631435
1789	2.9837308315474702e-009	6.6162677555003224
1790	2.9853986520234608e-009	5.3984642417357724
1791	2.9870664724994518e-009	4.1018407381749888
1792	2.9887342929754424e-009	2.7453340682217626
1793	2.9904021134514335e-009	1.3487439894894213
1794	2.9920699339274241e-009	-0.067532511831371267
1795	2.9937377544034147e-009	-1.4828027376554509
1796	2.9954055748794057e-009	-2.8764123659351668
1797	2.9970733953553963e-009	-4.2280326748977215
1798	2.9987412158313873e-009	-5.517934633495825
1799	3.0004090363073779e-009	-6.7272667658682206
1800	3.0020768567833685e-009	-7.8383751689020151
1801	3.0037446772593595e-009	-8.8350563339029762
1802	3.0054124977353501e-009	-9.7027548704523294
1803	3.0070803182113407e-009	-10.428771153218904
1804	3.0087481386873317e-009	-11.002493207608346
1805	3.0104159591633223e-009	-11.415565810981033
1806	3.0120837796393134e-009	-11.661956527962875
1807	3.013751600115304e-009	-11.738075543014926
1808	3.0154194205912946e-009	-11.642810719684411
1809	3.0170872410672856e-009	-11.377540576838063
1810	3.0187550615432762e-009	-10.946149319170285
1811	3.0204228820192672e-009	-10.354925493185121
1812	3.0220907024952578e-009	-9.6125015157513261
1813	3.0237585229712484e-009	-8.7297346136010034
1814	3.0254263434472394e-009	-7.7195142885520491
1815	3.02709416392323e-009	-6.5965856409882644
1816	3.0287619843992206e-009	-5.3773420980852151
1817	3.0304298048752116e-009	-4.0795791637842918
1818	3.0320976253512022e-009	-2.7222416914786427
1819	3.0337654458271933e-009	-1.3251684441272926
1820	3.0354332663031839e-009	0.091236271620632775
1821	3.0371010867791745e-009	1.506317917011992
1822	3.0387689072551655e-009	2.8994199528368507
1823	3.0404367277311561e-009	4.2501789651937436
1824	3.0421045482071467e-009	5.5388757513438271
1825	3.0437723686831377e-009	6.7467225865956548
1826	3.0454401891591283e-009	7.8560828916108791
1827	3.0471080096351193e-009	8.8507263872118003
1828	3.0487758301111099e-009	9.7161250173180846
1829	3.0504436505871005e-009	10.439655029273624
1830	3.0521114710630915e-009	11.010744780528245
1831	3.0537792915390821e-009	11.421063703406103
1832	3.0554471120150732e-009	11.664621715721831
1833	3.0571149324910638e-009	11.737861590002186
1834	3.0587827529670544e-009	11.63972196333069
1835	3.0604505734430454e-009	11.371630839818737
1836	3.062118393919036e-009	10.937509549850089
1837	3.0637862143950266e-009	10.343689818173397
1838	3.0654540348710176e-009	9.5988413113465825
1839	3.0671218553470082e-009	8.7138603913881525
1840	3.0687896758229992e-009	7.7016641076362813
1841	3.0704574962989898e-009	6.5769967248659711
1842	3.0721253167749804e-009	5.3562712927566514
1843	3.0737931372509714e-009	4.0573462001408895
1844	3.075460957726962e-009	2.6991821905052387
1845	3.0771287782029526e-009	1.3015942632044413
1846	3.0787965986789437e-009	-0.11500181593513437
1847	3.0804644191549343e-009	-1.5299154764873024
1848	3.0821322396309253e-009	-2.9224833384409772
1849	3.0838000601069159e-009	-4.2723818599490695
1850	3.0854678805829065e-009	-5.5598976979962798
1851	3.0871357010588975e-009	-6.766227663148431
1852	3.0888035215348881e-009	-7.8737603499902713
1853	3.0904713420108791e-009	-8.8663152846329822
1854	3.0921391624868697e-009	-9.7294056267342253
1855	3.0938069829628603e-009	-10.450441656436954
1856	3.0954748034388513e-009	-11.018896012768682
1857	3.0971426239148419e-009	-11.426473177145215
1858	3.0988104443908325e-009	-11.667225615977323
1859	3.1004782648668236e-009	-11.737623713304874
1860	3.1021460853428142e-009	-11.636633634460633
1861	3.1038139058188052e-009	-11.365728246861753
1862	3.1054817262947958e-009	-10.928865252627425
1863	3.1071495467707864e-009	-10.33245191940917
1864	3.1088173672467774e-009	-9.5851972693174741
1865	3.110485187722768e-009	-8.6979684372507542
1866	3.112153008198759e-009	-7.6837177684528557
1867	3.1138208286747496e-009	-6.5572877906287239
1868	3.1154886491507402e-009	-5.3351160219731746
1869	3.1171564696267312e-009	-4.0350341020253415
1870	3.1188242901027218e-009	-2.6760281620840738
1871	3.1204921105787124e-009	-1.2779464152949547
1872	3.1221599310547035e-009	0.13878462154335036
1873	3.1238277515306941e-009	1.5534809309283029
1874	3.1254955720066851e-009	2.9454937917058759
1875	3.1271633924826757e-009	4.2945010858095873
1876	3.1288312129586663e-009	5.5807930621580866
1877	3.1304990334346573e-009	6.7855831235799489
1878	3.1321668539106479e-009	7.8912935245771152
1879	3.1338346743866385e-009	8.8817970951676699
1880	3.1355024948626295e-009	9.7426421402345529
1881	3.1371703153386201e-009	10.461236421873867
1882	3.1388381358146111e-009	11.027080677627424
1883	3.1405059562906017e-009	11.431930698063079
1884	3.1421737767665923e-009	11.669877881454495
1885	3.1438415972425834e-009	11.737420456887788
1886	3.145509417718574e-009	11.633552125399778
1887	3.147177238194565e-009	11.35981460030025
1888	3.1488450586705556e-009	10.920212256388787
1889	3.1505128791465462e-009	10.321167043631025
1890	3.1521806996225372e-009	9.5714306190614238
1891	3.1538485200985278e-009	8.6819397862266463
1892	3.1555163405745184e-009	7.6656870687713017
1893	3.1571841610505094e-009	6.5375052389780279
1894	3.1588519815265e-009	5.313870085416089
1895	3.160519802002491e-009	4.0126624435640839
1896	3.1621876224784816e-009	2.6528706458833455
1897	3.1638554429544722e-009	1.2543380377420696
1898	3.1655232634304633e-009	-0.16251053671563626
1899	3.1671910839064539e-009	-1.5769911783467492
1900	3.1688589043824445e-009	-2.9684537984335129
1901	3.1705267248584355e-009	-4.316564091073869
1902	3.1721945453344261e-009	-5.6016356474948523
1903	3.1738623658104171e-009	-6.8049290011747212
1904	3.1755301862864077e-009	-7.9088789708039915
1905	3.1771980067623983e-009	-8.8973426753017968
1906	3.1788658272383893e-009	-9.7558881389423213
1907	3.1805336477143799e-009	-10.472004389310111
1908	3.1822014681903709e-009	-11.035236948682556
1909	3.1838692886663615e-009	-11.437332263626287
1910	3.1855371091423521e-009	-11.672412153995703
1911	3.1872049296183432e-009	-11.737060995609355
1912	3.1888727500943338e-009	-11.63032499485735
1913	3.1905405705703244e-009	-11.353768619424644
1914	3.1922083910463154e-009	-10.911440858487621
1915	3.193876211522306e-009	-10.309799104953125
1916	3.195544031998297e-009	-9.5576329180412749
1917	3.1972118524742876e-009	-8.6659194524075751
1918	3.1988796729502782e-009	-7.6476826955450967
1919	3.2005474934262692e-009	-6.5177834220572324
1920	3.2022153139022598e-009	-5.2927161169721355
1921	3.2038831343782508e-009	-3.9903847181862018
1922	3.2055509548542414e-009	-2.6297988370578169
1923	3.207218775330232e-009	-1.2307884780610552
1924	3.2088865958062231e-009	0.18622603962832585
1925	3.2105544162822137e-009	1.6005160789985236
1926	3.2122222367582043e-009	2.9914346812476742
1927	3.2138900572341953e-009	4.3386845816921467
1928	3.2155578777101859e-009	5.6225768684218735
1929	3.2172256981861769e-009	6.824357851160487
1930	3.2188935186621675e-009	7.9264802955475906
1931	3.2205613391381581e-009	8.9128680124301702
1932	3.2222291596141491e-009	9.7691209603186984
1933	3.2238969800901397e-009	10.482729591514989
1934	3.2255648005661303e-009	11.043282314828362
1935	3.2272326210421213e-009	11.442594003029047
1936	3.2289004415181119e-009	11.674835987764254
1937	3.230568261994103e-009	11.736626230762983
1938	3.2322360824700936e-009	11.627051237617003
1939	3.2339039029460842e-009	11.347700760009456
1940	3.2355717234220752e-009	10.902664512897275
1941	3.2372395438980658e-009	10.298441605109739
1942	3.2389073643740568e-009	9.5438501485457738
1943	3.2405751848500474e-009	8.6499030286005691
1944	3.242243005326038e-009	7.6296543669130159
1945	3.243910825802029e-009	6.4980259405233465
1946	3.2455786462780196e-009	5.2715435272614686
1947	3.2472464667540102e-009	3.9680666776407181
1948	3.2489142872300012e-009	2.6066166645741933
1949	3.2505821077059918e-009	1.2071140715621003
1950	3.2522499281819829e-009	-0.21001079725736374
1951	3.2539177486579735e-009	-1.6240764588906118
1952	3.2555855691339641e-009	-3.0144271744185844
1953	3.2572533896099551e-009	-4.3607629885599763
1954	3.2589212100859457e-009	-5.6434164275223795
1955	3.2605890305619363e-009	-6.8436550391775981
1956	3.2622568510379273e-009	-7.9439580143905282
1957	3.2639246715139179e-009	-8.9282714994897425
1958	3.2655924919899089e-009	-9.7822246350706514
1959	3.2672603124658995e-009	-10.493348783899108
1960	3.2689281329418901e-009	-11.051272900447888
1961	3.2705959534178811e-009	-11.447860592806705
1962	3.2722637738938717e-009	-11.677317356707256
1963	3.2739315943698628e-009	-11.736257372507573
1964	3.2755994148458534e-009	-11.623815078511722
1965	3.277267235321844e-009	-11.341659162788364
1966	3.278935055797835e-009	-10.893909862778115
1967	3.2806028762738256e-009	-10.287079618196358
1968	3.2822706967498162e-009	-9.5300209317993811
1969	3.2839385172258072e-009	-8.6338194752366384
1970	3.2856063377017978e-009	-7.6115690109406282
1971	3.2872741581777888e-009	-6.4781902044963395
1972	3.2889419786537794e-009	-5.2502307955981458
1973	3.29060979912977e-009	-3.9456105696486059
1974	3.292277619605761e-009	-2.5833833773047221
1975	3.2939454400817516e-009	-1.1834367919877975
1976	3.2956132605577427e-009	0.23379229290674236
1977	3.2972810810337333e-009	1.647601511960509
1978	3.2989489015097239e-009	3.0373515026554418
1979	3.3006167219857149e-009	4.3827603178983567
1980	3.3022845424617055e-009	5.6641781810001692
1981	3.3039523629376961e-009	6.8628958192258125
1982	3.3056201834136871e-009	7.9614129758050742
1983	3.3072880038896777e-009	8.9436726503877324
1984	3.3089558243656687e-009	9.7953329782634881
1985	3.3106236448416593e-009	10.503990143796209
1986	3.3122914653176499e-009	11.059302245522444
1987	3.3139592857936409e-009	11.453127536494282
1988	3.3156271062696315e-009	11.679714302171909
1989	3.3172949267456221e-009	11.735777832512063
1990	3.3189627472216132e-009	11.620493404088659
1991	3.3206305676976038e-009	11.335514412025827
1992	3.3222983881735948e-009	10.885001965725817
1993	3.3239662086495854e-009	10.275561236747151
1994	3.325634029125576e-009	9.51608881197442
1995	3.327301849601567e-009	8.617678003285322
1996	3.3289696700775576e-009	7.5934506918963418
1997	3.3306374905535486e-009	6.4583580213646306
1998	3.3323053110295392e-009	5.2289787243757733
1999	3.3339731315055298e-009	3.9232550417080629
2000	3.3356409519815208e-009	2.5602513726798302
